  0.59999999999999998        2.1718536463462002E-003
  0.59999999999999998        3.2964338888348266E-003
  0.59999999999999998        3.8443194193402697E-003
  0.59999999999999998        4.4416098616597566E-003
  0.59999999999999998        4.8116629397081390E-003
  0.59999999999999998        5.9001429226137603E-003
  0.59999999999999998        1.0570421879404712E-002
  0.59999999999999998        5.5231477475796709E-003
  0.59999999999999998        4.3671150866537722E-003
  0.59999999999999998        7.1117777675682170E-003
  0.59999999999999998        5.9079439644058596E-003
  0.59999999999999998        5.3682457353176893E-003
  0.59999999999999998        4.4970958234293867E-003
  0.59999999999999998        6.4349164856554175E-003
  0.59999999999999998        5.3120851954835402E-003
  0.59999999999999998        5.1828622814489300E-003
  0.59999999999999998        7.4470370072838854E-003
  0.59999999999999998        1.0064182329610816E-002
  0.59999999999999998        7.7994156746070686E-003
  0.59999999999999998        6.1994492661416878E-003
  0.59999999999999998        4.1330247074089499E-003
  0.59999999999999998        1.0986060827087751E-002
  0.59999999999999998        1.1345721983991197E-002
  0.59999999999999998        3.7457559927598361E-003
  0.59999999999999998        3.3739795527867322E-003
  0.59999999999999998        9.7560191758385706E-003
  0.59999999999999998        4.9560526124023951E-003
  0.59999999999999998        5.5532047161164222E-003
  0.59999999999999998        2.1558243721888637E-003
  0.59999999999999998        6.5979200024841589E-003
  0.59999999999999998        3.2086555702948161E-004
  0.59999999999999998        4.2755967041259169E-003
  0.59999999999999998        7.4862905530492796E-004
  0.59999999999999998        2.5411616727737396E-003
  0.59999999999999998        2.9255600246758107E-003
  0.59999999999999998        8.9440004907714865E-004
  0.59999999999999998        5.1550937582698353E-003
  0.59999999999999998        2.6429080178247411E-003
  0.59999999999999998        1.4687688229217954E-003
  0.59999999999999998        9.8132693616381772E-004
  0.59999999999999998        3.1439836802862331E-003
  0.59999999999999998        3.9674614471474356E-003
  0.59999999999999998        4.8945094473307194E-004
  0.59999999999999998        1.3112932753713835E-003
  0.59999999999999998        2.8867313309444143E-004
  0.59999999999999998        5.0832141886205662E-003
  0.59999999999999998        4.8353725548153648E-003
  0.59999999999999998        6.0932466261247598E-003
  0.59999999999999998        7.2932461254451297E-003
  0.59999999999999998        4.9799254039806229E-003
  0.59999999999999998        3.9817722981787540E-003
  0.59999999999999998        2.3633283822750428E-003
  0.59999999999999998        1.9949834898465468E-002
  0.59999999999999998        1.0160509584244082E-002
  0.59999999999999998        3.4522688314551075E-003
  0.59999999999999998        1.6667841359696567E-003
  0.59999999999999998        6.5773834201605652E-003
  0.59999999999999998        7.6544125677227015E-003
  0.59999999999999998        8.8864103741368439E-003
  0.59999999999999998        2.4317855894313567E-003
  0.59999999999999998        1.3723307904687232E-002
  0.59999999999999998        1.8212641443055233E-002
  0.59999999999999998        1.0906324583659810E-002
  0.59999999999999998        1.1756777179527944E-002
  0.59999999999999998        1.7356743111153428E-002
  0.59999999999999998        2.0624710377975752E-002
  0.59999999999999998        1.5999877612401292E-002
  0.59999999999999998        1.7599877540876108E-002
  0.59999999999999998        1.8261719597785664E-002
  0.59999999999999998        2.3211295895332107E-002
  0.59999999999999998        1.5560069999386528E-002
  0.59999999999999998        3.1975076449256790E-002
  0.59999999999999998        2.6910373521970676E-002
  0.59999999999999998        2.3588016929858568E-002
  0.59999999999999998        1.6828449924889632E-002
  0.59999999999999998        2.3228483754843765E-002
  0.59999999999999998        1.9781610967855023E-002
  0.59999999999999998        2.2181645274645945E-002
  0.59999999999999998        1.6930446616182593E-002
  0.59999999999999998        1.9730446043977778E-002
  0.59999999999999998        2.1368973665166102E-002
  0.59999999999999998        2.7169047384694167E-002
  0.59999999999999998        4.0369079867581981E-002
  0.59999999999999998        4.0742401892002178E-002
  0.59999999999999998        3.2248000246992703E-002
  0.59999999999999998        2.8648021961581449E-002
  0.59999999999999998        4.1848021818531755E-002
  0.59999999999999998        3.4911151411386676E-002
  0.59999999999999998        2.9020906621200382E-002
  0.59999999999999998        2.9777172726870305E-002
  0.59999999999999998        2.2276690819227341E-002
  0.59999999999999998        1.5460106805697649E-002
  0.59999999999999998        5.0159502191950978E-002
  0.59999999999999998        4.8441613033145536E-002
  0.59999999999999998        4.6845168637143608E-002
  0.59999999999999998        3.9129546609934174E-002
  0.59999999999999998        4.1529578532537137E-002
  0.59999999999999998        4.2096174858716751E-002
  0.59999999999999998        4.3584081966926647E-002
  0.59999999999999998        4.2525437436983005E-002
  0.59999999999999998        4.0062136220752720E-002
  0.59999999999999998        4.2445157582810644E-002
  0.59999999999999998        3.9728789835888456E-002
  0.59999999999999998        3.2210465238912356E-002
  0.59999999999999998        3.3654770716336380E-002
  0.59999999999999998        4.1252165277828823E-002
  0.59999999999999998        6.1481004409990270E-002
  0.59999999999999998        6.9080971295290894E-002
  0.59999999999999998        5.4077927739824005E-002
  0.59999999999999998        5.1118060369413243E-002
  0.59999999999999998        4.9237563317869437E-002
  0.59999999999999998        5.1237530453511759E-002
  0.59999999999999998        5.3451500920648876E-002
  0.59999999999999998        5.3471930695782710E-002
  0.59999999999999998        5.4120807985163388E-002
  0.59999999999999998        5.1487251607425399E-002
  0.59999999999999998        4.7629069719929085E-002
  0.59999999999999998        4.8829001881208534E-002
  0.59999999999999998        4.4362365514059476E-002
  0.59999999999999998        4.9342505943542392E-002
  0.59999999999999998        7.3414118337890244E-002
  0.59999999999999998        7.8199153581618219E-002
  0.59999999999999998        8.8199153879640946E-002
  0.59999999999999998        6.1213515930523599E-002
  0.59999999999999998        6.2013547924653523E-002
  0.59999999999999998        5.7990080194843863E-002
  0.59999999999999998        5.7763061166568264E-002
  0.59999999999999998        6.7763061166568050E-002
  0.59999999999999998        6.5193493551380932E-002
  0.59999999999999998        6.5962041343009759E-002
  0.59999999999999998        6.9162075614037200E-002
  0.59999999999999998        6.2009023700392518E-002
  0.59999999999999998        6.3209023199713776E-002
  0.59999999999999998        6.7899763698600957E-002
  0.59999999999999998        6.0765859880900663E-002
  0.59999999999999998        7.7545400305085721E-002
  0.59999999999999998        7.2102943430122579E-002
  0.59999999999999998        7.3703040640370254E-002
  0.59999999999999998        7.5178433610349593E-002
  0.59999999999999998        7.2218434459509595E-002
  0.59999999999999998        7.7919387216515368E-002
  0.59999999999999998        8.8719385392613148E-002
  0.59999999999999998        8.1906946379726620E-002
  0.59999999999999998        7.7166861280406174E-002
  0.59999999999999998        7.8086388741430923E-002
  0.59999999999999998        7.9306720138066389E-002
  0.59999999999999998        7.7860640196185216E-002
  0.59999999999999998        8.0373154301637939E-002
  0.59999999999999998        8.3173120805470901E-002
  0.59999999999999998        7.0217205632566504E-002
  0.59999999999999998        6.5934516689833522E-002
  0.59999999999999998        6.7134516189153892E-002
  0.59999999999999998        6.7785585563020945E-002
  0.59999999999999998        6.9028407242791801E-002
  0.59999999999999998        7.1428441549582722E-002
  0.59999999999999998        8.5430876823822111E-002
  0.59999999999999998       0.10343097434401294     
  0.59999999999999998        9.3754998405125356E-002
  0.59999999999999998        9.1606937697271462E-002
  0.59999999999999998        9.2006939318516778E-002
  0.59999999999999998        8.6909213313409062E-002
  0.59999999999999998        8.9880637491859261E-002
  0.59999999999999998        9.7223163953397140E-002
  0.59999999999999998       0.10042313029033423     
  0.59999999999999998        8.9960011788389416E-002
  0.59999999999999998        9.4359978220695417E-002
  0.59999999999999998        8.8096558108396117E-002
  0.59999999999999998        8.9696524516860165E-002
  0.59999999999999998        8.1112476633486530E-002
  0.59999999999999998        8.5512443065794308E-002
  0.59999999999999998        8.7282508634595857E-002
  0.59999999999999998        8.4891761314255909E-002
  0.59999999999999998        8.8091760873182601E-002
  0.59999999999999998        9.7708276967928498E-002
  0.59999999999999998       0.10650833944223237     
  0.59999999999999998        9.6274214425820404E-002
  0.59999999999999998       0.10185378887069518     
  0.59999999999999998        9.4922991564528658E-002
  0.59999999999999998       0.10492299186255138     
  0.59999999999999998       0.10410386416964368     
  0.59999999999999998       0.11170383254506078     
  0.59999999999999998       0.10746658203582804     
  0.59999999999999998       0.10906658166627903     
  0.59999999999999998       0.10995908542702804     
  0.59999999999999998       0.10892594820148016     
  0.59999999999999998       0.10613502670326191     
  0.59999999999999998       0.11133509306378730     
  0.59999999999999998       0.10541933056763053     
  0.59999999999999998       0.10661933006694913     
  0.59999999999999998       0.10080010136583706     
  0.59999999999999998       0.10080016870387887     
  0.59999999999999998       0.10461417813951002     
  0.59999999999999998       0.10543451357733868     
  0.59999999999999998       0.10448520676326112     
  0.59999999999999998       0.10258931726209131     
  0.59999999999999998        9.4086797261012656E-002
  0.59999999999999998       0.11206633688649692     
  0.59999999999999998       0.11195651748778701     
  0.59999999999999998       0.11690880531770187     
  0.59999999999999998       0.12410887173783181     
  0.59999999999999998       0.12919680035233050     
  0.59999999999999998       0.13359673475474398     
  0.59999999999999998       0.12484461654679802     
  0.59999999999999998       0.12251939457658079     
  0.59999999999999998       0.12731942579585098     
  0.59999999999999998       0.12409639584289511     
  0.59999999999999998       0.12582787012209451     
  0.59999999999999998       0.12582787042011834     
  0.59999999999999998       0.12627536777051684     
  0.59999999999999998       0.12947533500152630     
  0.59999999999999998       0.12069573836237346     
  0.59999999999999998       0.12229573829084739     
  0.59999999999999998       0.12490636075842154     
  0.59999999999999998       0.12610636085378690     
  0.59999999999999998       0.12817842453887174     
  0.59999999999999998       0.13000236222142192     
  0.59999999999999998       0.12152434584160243     
  0.59999999999999998       0.11479421114083355     
  0.59999999999999998       0.12279414404120903     
  0.59999999999999998       0.12301628972187739     
  0.59999999999999998       0.13139582977651365     
  0.59999999999999998       0.13463323886067968     
  0.59999999999999998       0.13543326817260049     
  0.59999999999999998       0.14413228121066801     
  0.59999999999999998       0.14773238026865787     
  0.59999999999999998       0.13952897387477314     
  0.59999999999999998       0.14112897350522324     
  0.59999999999999998       0.14208916717896525     
  0.59999999999999998       0.14288906896735920     
  0.59999999999999998       0.14025084430843204     
  0.59999999999999998       0.14625078012943593     
  0.59999999999999998       0.14280124818090112     
  0.59999999999999998       0.14520127980548203     
  0.59999999999999998       0.14577376681259491     
  0.59999999999999998       0.14617386720572956     
  0.59999999999999998       0.14086255448541340     
  0.59999999999999998       0.14446258829152381     
  0.59999999999999998       0.14255484854346534     
  0.59999999999999998       0.14397271250020971     
  0.59999999999999998       0.14915234312513626     
  0.59999999999999998       0.15150117338682723     
  0.59999999999999998       0.15152160316196017     
  0.59999999999999998       0.15124113328973898     
  0.59999999999999998       0.15484116769189527     
  0.59999999999999998       0.14527319544293693     
  0.59999999999999998       0.14687319537141175     
  0.59999999999999998       0.14912668044117616     
  0.59999999999999998       0.15154704634725924     
  0.59999999999999998       0.15265771348818102     
  0.59999999999999998       0.15305771421535841     
  0.59999999999999998       0.15119716640602654     
  0.59999999999999998       0.15157673437783714     
  0.59999999999999998       0.14424158771452777     
  0.59999999999999998       0.14904152433423334     
  0.59999999999999998       0.14457819854564491     
  0.59999999999999998       0.15443128212962520     
  0.59999999999999998       0.15523141438576094     
  0.59999999999999998       0.15689818334353411     
  0.59999999999999998       0.15809821815100289     
  0.59999999999999998       0.15940003679692349     
  0.59999999999999998       0.16057967177298949     
  0.59999999999999998       0.15825565642877759     
  0.59999999999999998       0.16558479975265783     
  0.59999999999999998       0.16035682898232739     
  0.59999999999999998       0.16195683129498661     
  0.59999999999999998       0.16522123281422374     
  0.59999999999999998       0.16882119928229411     
  0.59999999999999998       0.16620109361203994     
  0.59999999999999998       0.15902592463957799     
  0.59999999999999998       0.15833848586081878     
  0.59999999999999998       0.16313851976229632     
  0.59999999999999998       0.15783041108760543     
  0.59999999999999998       0.15905071373260427     
  0.59999999999999998       0.15850913233680419     
  0.59999999999999998       0.16050913239640874     
  0.59999999999999998       0.15903391917482690     
  0.59999999999999998       0.16052981036228342     
  0.59999999999999998       0.16172980986160379     
  0.59999999999999998       0.14985675584431046     
  0.59999999999999998       0.15101583739601754     
  0.59999999999999998       0.16427182482975855     
  0.59999999999999998       0.17427182512778128     
  0.59999999999999998       0.17163161202647537     
  0.59999999999999998       0.18283170880756927     
  0.59999999999999998       0.17917843269200162     
  0.59999999999999998       0.18437846791670420     
  0.59999999999999998       0.18626231755548606     
  0.59999999999999998       0.18706241718567984     
  0.59999999999999998       0.18426505490527489     
  0.59999999999999998       0.19028548605131412     
  0.59999999999999998       0.18628528574759340     
  0.59999999999999998       0.18868531767019814     
  0.59999999999999998       0.18189734534335145     
  0.59999999999999998       0.18269724713174629     
  0.59999999999999998       0.17627945118606014     
  0.59999999999999998       0.17667948304906034     
  0.59999999999999998       0.17408008936562869     
  0.59999999999999998       0.17773969254429733     
  0.59999999999999998       0.17813976031149092     
  0.59999999999999998       0.17592468496645797     
  0.59999999999999998       0.17752471752087207     
  0.59999999999999998       0.17185745657431006     
  0.59999999999999998       0.17625742300661695     
  0.59999999999999998       0.17794698067966852     
  0.59999999999999998       0.17950621307609094     
  0.59999999999999998       0.17992664298235361     
  0.59999999999999998       0.18052584566657881     
  0.59999999999999998       0.18252591306422605     
  0.59999999999999998       0.17996237864338305     
  0.59999999999999998       0.19316237850033335     
  0.59999999999999998       0.18705095902763524     
  0.59999999999999998       0.18516992855429404     
  0.59999999999999998       0.19700954167729634     
  0.59999999999999998       0.19740947894073191     
  0.59999999999999998       0.19988655270595057     
  0.59999999999999998       0.20068651944820193     
  0.59999999999999998       0.19481847077564485     
  0.59999999999999998       0.19641856798589075     
  0.59999999999999998       0.19889946015198312     
  0.59999999999999998       0.19931995024373084     
  0.59999999999999998       0.19886522391299977     
  0.59999999999999998       0.19886522480706859     
  0.59999999999999998       0.19523280102512963     
  0.59999999999999998       0.19574490724253124     
  0.59999999999999998       0.20296530526195244     
  0.59999999999999998       0.20276162756966443     
  0.59999999999999998       0.20356152935806016     
  0.59999999999999998       0.20214849242587274     
  0.59999999999999998       0.20414839222347236     
  0.59999999999999998       0.19655502521440393     
  0.59999999999999998       0.20135499147981850     
  0.59999999999999998       0.20003126644215996     
  0.59999999999999998       0.20083133165827682     
  0.59999999999999998       0.20253554287352937     
  0.59999999999999998       0.19690324827016781     
  0.59999999999999998       0.19772358370799825     
  0.59999999999999998       0.19182176194504663     
  0.59999999999999998       0.19342176127747379     
  0.59999999999999998       0.19164910747726793     
  0.59999999999999998       0.19284910965879742     
  0.59999999999999998       0.19145451671189839     
  0.59999999999999998       0.19183418136943509     
  0.59999999999999998       0.19040384621093409     
  0.59999999999999998       0.19400388001704538     
  0.59999999999999998       0.18894972873805127     
  0.59999999999999998       0.19014972823737342     
  0.59999999999999998       0.19715692289229025     
  0.59999999999999998       0.21033649446421965     
  0.59999999999999998       0.21151785760009290     
  0.59999999999999998       0.21507010338710497     
  0.59999999999999998       0.22307010332750110     
  0.59999999999999998       0.21937755075323651     
  0.59999999999999998       0.22417751731667401     
  0.59999999999999998       0.22352545895530351     
  0.59999999999999998       0.22394594904705034     
  0.59999999999999998       0.22313906879018397     
  0.59999999999999998       0.21930596317974160     
  0.59999999999999998       0.22092642789347572     
  0.59999999999999998       0.21970878033422636     
  0.59999999999999998       0.22170881212570048     
  0.59999999999999998       0.21981723070942305     
  0.59999999999999998       0.21733713322624659     
  0.59999999999999998       0.21813716522037563     
  0.59999999999999998       0.21296366126586452     
  0.59999999999999998       0.21576366099168265     
  0.59999999999999998       0.21688372128620781     
  0.59999999999999998       0.21928375589101989     
  0.59999999999999998       0.22030245828722084     
  0.59999999999999998       0.22310242687721438     
  0.59999999999999998       0.22078247053861322     
  0.59999999999999998       0.22120296241850035     
  0.59999999999999998       0.21780384790071139     
  0.59999999999999998       0.21566747622251992     
  0.59999999999999998       0.21644707873953895     
  0.59999999999999998       0.21519723358445120     
  0.59999999999999998       0.21841763208071008     
  0.59999999999999998       0.21906258747498608     
  0.59999999999999998       0.22186255397881816     
  0.59999999999999998       0.21602957047856197     
  0.59999999999999998       0.21605000025369581     
  0.59999999999999998       0.21481641899310056     
  0.59999999999999998       0.22039605004718155     
  0.59999999999999998       0.21695657006927416     
  0.59999999999999998       0.21673049618699203     
  0.59999999999999998       0.21873056358463838     
  0.59999999999999998       0.21353670756249166     
  0.59999999999999998       0.21953673798305839     
  0.59999999999999998       0.22117537924480857     
  0.59999999999999998       0.22241611255901095     
  0.59999999999999998       0.22050761099389593     
  0.59999999999999998       0.22170751619167639     
  0.59999999999999998       0.22795851703477155     
  0.59999999999999998       0.22959939870863977     
  0.59999999999999998       0.22628554286297220     
  0.59999999999999998       0.22868557180534488     
  0.59999999999999998       0.23494744529033174     
  0.59999999999999998       0.23445300728570828     
  0.59999999999999998       0.23445300817977799     
  0.59999999999999998       0.23120960669941404     
  0.59999999999999998       0.23482993828678378     
  0.59999999999999998       0.22711840227237978     
  0.59999999999999998       0.23031843654340634     
  0.59999999999999998       0.23150408937126699     
  0.59999999999999998       0.23190409099251230     
  0.59999999999999998       0.22223598183104265     
  0.59999999999999998       0.22227677761954823     
  0.59999999999999998       0.22436160889468049     
  0.59999999999999998       0.22796164270079089     
  0.59999999999999998       0.22666687865445923     
  0.59999999999999998       0.22915375766286772     
  0.59999999999999998       0.23035375984439632     
  0.59999999999999998       0.22893236350894330     
  0.59999999999999998       0.22935275512682551     
  0.59999999999999998       0.23164719247007781     
  0.59999999999999998       0.23362686063236637     
  0.59999999999999998       0.23202244227476321     
  0.59999999999999998       0.23362240898125020     
  0.59999999999999998       0.23341301982075979     
  0.59999999999999998       0.23499261663957416     
  0.59999999999999998       0.23375940620729008     
  0.59999999999999998       0.23735944060944636     
  0.59999999999999998       0.23607735095245452     
  0.59999999999999998       0.23767735088093023     
  0.59999999999999998       0.22666128960406873     
  0.59999999999999998       0.22860978818078248     
  0.59999999999999998       0.22943012361861204     
  0.59999999999999998       0.23191609690409365     
  0.59999999999999998       0.23193652667922748     
  0.59999999999999998       0.23704184230385117     
  0.59999999999999998       0.23824174660756103     
  0.59999999999999998       0.23890171027228035     
  0.59999999999999998       0.24168128171308023     
  0.59999999999999998       0.24262581265593042     
  0.59999999999999998       0.24262581444406894     
  0.59999999999999998       0.24045432581144421     
  0.59999999999999998       0.24365432537036824     
  0.59999999999999998       0.24352575976812751     
  0.59999999999999998       0.24752578863897412     
  0.59999999999999998       0.24662004240516833     
  0.59999999999999998       0.24702014011609386     
  0.59999999999999998       0.24304517724932850     
  0.59999999999999998       0.24384514428960191     
  0.59999999999999998       0.24076925022865314     
  0.59999999999999998       0.24116931799584940     
  0.59999999999999998       0.24799164707799815     
  0.59999999999999998       0.24799171232987671     
  0.59999999999999998       0.24810743562749327     
  0.59999999999999998       0.24848700359930298     
  0.59999999999999998       0.24488804125383368     
  0.59999999999999998       0.24648797503635933     
  0.59999999999999998       0.24379426692954542     
  0.59999999999999998       0.24899426535598046     
  0.59999999999999998       0.24971392387311386     
  0.59999999999999998       0.25251389246310740     
  0.59999999999999998       0.24476027876160789     
  0.59999999999999998       0.24598076792352419     
  0.59999999999999998       0.24785235272010819     
  0.59999999999999998       0.24907268411674632     
  0.59999999999999998       0.25044977795378998     
  0.59999999999999998       0.24993546021922075     
  0.59999999999999998       0.25235595156266744     
  0.59999999999999998       0.25416033865279086     
  0.59999999999999998       0.25418076842792470     
  0.59999999999999998       0.25175168285712157     
  0.59999999999999998       0.25255171514927355     
  0.59999999999999998       0.25258520729267619     
  0.59999999999999998       0.25147735336260446     
  0.59999999999999998       0.25147742070064627     
  0.59999999999999998       0.24565337912318608     
  0.59999999999999998       0.24845334562701904     
  0.59999999999999998       0.24877882693989228     
  0.59999999999999998       0.24959916237772362     
  0.59999999999999998       0.24786033220680892     
  0.59999999999999998       0.25068070182030056     
  0.59999999999999998       0.25530508852907730     
  0.59999999999999998       0.25610521810300124     
  0.59999999999999998       0.25772997282279242     
  0.59999999999999998       0.25895031077593877     
  0.59999999999999998       0.26191032633799871     
  0.59999999999999998       0.26433069224408001     
  0.59999999999999998       0.26411603060404865     
  0.59999999999999998       0.26575691466210216     
  0.59999999999999998       0.26895981182837225     
  0.59999999999999998       0.27015990831144254     
  0.59999999999999998       0.27044308653491900     
  0.59999999999999998       0.27086345565965342     
  0.59999999999999998       0.27007470097189668     
  0.59999999999999998       0.26547744936874462     
  0.59999999999999998       0.26825699444209139     
  0.59999999999999998       0.26731821577137094     
  0.59999999999999998       0.26851814703857979     
  0.59999999999999998       0.26602813116238444     
  0.59999999999999998       0.27282816422939771     
  0.59999999999999998       0.27172042049710754     
  0.59999999999999998       0.26463202211580761     
  0.59999999999999998       0.26783202078066548     
  0.59999999999999998       0.26640659736290928     
  0.59999999999999998       0.26760649928243563     
  0.59999999999999998       0.26369517183886693     
  0.59999999999999998       0.26569517189847058     
