  0.40000000000000002        7.3695737204823898E-005
  0.40000000000000002        2.6608223159105114E-004
  0.40000000000000002        3.4090748098403292E-004
  0.40000000000000002        4.4211358261258253E-004
  0.40000000000000002        7.9719491571542838E-004
  0.40000000000000002        1.2881281788212540E-003
  0.40000000000000002        2.3017606106826454E-003
  0.40000000000000002        8.5811839252107744E-004
  0.40000000000000002        9.0192500860797429E-004
  0.40000000000000002        1.0366731268017062E-003
  0.40000000000000002        1.4208446725912825E-003
  0.40000000000000002        1.6424227154242005E-003
  0.40000000000000002        1.5610946353173431E-003
  0.40000000000000002        2.0749521364286341E-003
  0.40000000000000002        2.4720534426964399E-003
  0.40000000000000002        2.3438981502548763E-003
  0.40000000000000002        2.3558409368954537E-003
  0.40000000000000002        3.5193359485534985E-003
  0.40000000000000002        3.2823324837671524E-003
  0.40000000000000002        3.3801576837997069E-003
  0.40000000000000002        3.8512331777357687E-003
  0.40000000000000002        4.2929905513430493E-003
  0.40000000000000002        3.7456232969634499E-003
  0.40000000000000002        2.6242237720204521E-003
  0.40000000000000002        4.0742596340010775E-003
  0.40000000000000002        4.2023072450549604E-003
  0.40000000000000002        4.1799933522624370E-003
  0.40000000000000002        3.8110956932210218E-003
  0.40000000000000002        5.4053657722342909E-003
  0.40000000000000002        2.8431677562675835E-003
  0.40000000000000002        6.5456565092352178E-003
  0.40000000000000002        4.7431961112668593E-003
  0.40000000000000002        2.8987733187124404E-003
  0.40000000000000002        6.0069206061230318E-003
  0.40000000000000002        5.0968822979954318E-003
  0.40000000000000002        4.7232101315014602E-003
  0.40000000000000002        6.3771330345396820E-003
  0.40000000000000002        4.3039698591676818E-003
  0.40000000000000002        8.1359816831003424E-003
  0.40000000000000002        7.3835365620409646E-003
  0.40000000000000002        3.7978029988650357E-003
  0.40000000000000002        6.1635690787751251E-003
  0.40000000000000002        7.6086947487581042E-003
  0.40000000000000002        5.3752739368490383E-003
  0.40000000000000002        6.5311931334450382E-003
  0.40000000000000002        5.2221266767194701E-003
  0.40000000000000002        6.8625721868603171E-003
  0.40000000000000002        4.1574781370307227E-003
  0.40000000000000002        5.8374885153009036E-003
  0.40000000000000002        5.6252492533085596E-003
  0.40000000000000002        6.3250194678640586E-003
  0.40000000000000002        5.7478991456280720E-003
  0.40000000000000002        4.9028392468588016E-003
  0.40000000000000002        7.1200645951113974E-003
  0.40000000000000002        7.8174603211379080E-003
  0.40000000000000002        6.9663233967407496E-003
  0.40000000000000002        8.4474380440857505E-003
  0.40000000000000002        8.3798013175380628E-003
  0.40000000000000002        9.5529231520554737E-003
  0.40000000000000002        9.1751620908940498E-003
  0.40000000000000002        8.6622922258845630E-003
  0.40000000000000002        7.8079783863356806E-003
  0.40000000000000002        9.4483147667638184E-003
  0.40000000000000002        8.2413587494720233E-003
  0.40000000000000002        1.0296026964336470E-002
  0.40000000000000002        8.7689788959901711E-003
  0.40000000000000002        9.0558303086468155E-003
  0.40000000000000002        1.0722763002813407E-002
  0.40000000000000002        9.7261084470623479E-003
  0.40000000000000002        7.8538669708692142E-003
  0.40000000000000002        5.6520612836507477E-003
  0.40000000000000002        9.3282441632668422E-003
  0.40000000000000002        7.4570093099476185E-003
  0.40000000000000002        8.8143937277865882E-003
  0.40000000000000002        8.8777532203650356E-003
  0.40000000000000002        7.4286968415978333E-003
  0.40000000000000002        9.1723766166836810E-003
  0.40000000000000002        9.9389275197882977E-003
  0.40000000000000002        1.1910346076893287E-002
  0.40000000000000002        1.1276246350783503E-002
  0.40000000000000002        1.0673311424267007E-002
  0.40000000000000002        8.1292023769298817E-003
  0.40000000000000002        5.1847626451313874E-003
  0.40000000000000002        8.1958864285215961E-003
  0.40000000000000002        7.4837466608505560E-003
  0.40000000000000002        1.0302601284137890E-002
  0.40000000000000002        7.3712789013742766E-003
  0.40000000000000002        9.7782380345873641E-003
  0.40000000000000002        9.3346797612430012E-003
  0.40000000000000002        9.7554449053336607E-003
  0.40000000000000002        1.0019819787192347E-002
  0.40000000000000002        9.6655182627069357E-003
  0.40000000000000002        6.1646019394229062E-003
  0.40000000000000002        4.6793782104604508E-003
  0.40000000000000002        7.7566020517484714E-003
  0.40000000000000002        8.3825793385584844E-003
  0.40000000000000002        9.0638894987417704E-003
  0.40000000000000002        1.1782859693554897E-002
  0.40000000000000002        1.0645884939957112E-002
  0.40000000000000002        1.2235055740389128E-002
  0.40000000000000002        1.1017254659927688E-002
  0.40000000000000002        1.1828326151138492E-002
  0.40000000000000002        1.0435308119863377E-002
  0.40000000000000002        1.0248955978433527E-002
  0.40000000000000002        9.7277830286924046E-003
  0.40000000000000002        8.3442846580303945E-003
  0.40000000000000002        2.3320806820787614E-003
  0.40000000000000002        4.1324549417550401E-003
  0.40000000000000002        1.9821992558183930E-003
  0.40000000000000002        1.8121422102469636E-003
  0.40000000000000002       -8.7778648123516313E-004
  0.40000000000000002        5.1452577404871745E-003
  0.40000000000000002        5.4316266905144184E-003
  0.40000000000000002        5.4272879279680195E-003
  0.40000000000000002        5.3211760826031547E-003
  0.40000000000000002        9.8306189243723072E-003
  0.40000000000000002        1.0074633302914842E-002
  0.40000000000000002        9.8191396263019124E-003
  0.40000000000000002        1.1613947067758697E-002
  0.40000000000000002        9.1465128462189446E-003
  0.40000000000000002        3.8450584560096577E-003
  0.40000000000000002        2.0857571449785580E-003
  0.40000000000000002        1.7491715578540166E-004
  0.40000000000000002        4.3936088352093021E-003
  0.40000000000000002        4.2263641544486438E-003
  0.40000000000000002        4.4262417981621839E-003
  0.40000000000000002        3.6750775934852719E-003
  0.40000000000000002        4.0118609897618705E-003
  0.40000000000000002        2.9307038777188319E-003
  0.40000000000000002        3.6744017218098297E-003
  0.40000000000000002        3.0100696866403086E-003
  0.40000000000000002        3.6730475998617185E-003
  0.40000000000000002        3.4240086132848258E-003
  0.40000000000000002        2.1013228657172037E-003
  0.40000000000000002        1.7705840440055921E-003
  0.40000000000000002       -6.7085680702858713E-004
  0.40000000000000002       -2.6390898747099688E-003
  0.40000000000000002       -2.6756652740196635E-003
  0.40000000000000002       -4.5539292378380418E-003
  0.40000000000000002       -2.9061322158207559E-003
  0.40000000000000002       -4.8654598331023232E-003
  0.40000000000000002       -5.4814687389535917E-003
  0.40000000000000002       -6.0486706919451773E-003
  0.40000000000000002       -3.0189382103292250E-003
  0.40000000000000002       -4.2357328528095893E-003
  0.40000000000000002       -3.8905807721359088E-003
  0.40000000000000002       -4.2955663635466483E-003
  0.40000000000000002       -4.5441945494366373E-003
  0.40000000000000002       -5.1100863647682172E-003
  0.40000000000000002       -2.1943465114269770E-003
