  0.29916811825890122     
  0.21237605579654648     
  0.37715446634994532     
  0.36961323836959864     
  0.33813494709093556     
  0.28582923073097810     
  0.53328212905006223     
  0.25276403870392566     
  0.28273655106233425     
  0.30675213506800486     
  0.21811873352855998     
  0.40153708510964814     
  0.24226977817288645     
  0.23222800198118176     
  0.26117517320572037     
  0.25659708461574982     
  0.44147507716794693     
  0.31104672862803323     
  0.25255795742292791     
  0.32103124730980592     
  0.46390313683335666     
  0.48360920334607066     
  0.42399356160528195     
  0.41355003216243891     
  0.36535055707148972     
  0.26665932340211240     
  0.37840124865343505     
  0.41409224920511595     
  0.33621756617214210     
  0.34139368265439735     
  0.42206583496227085     
  0.46795798904830199     
  0.46755704023547906     
  0.36810649991301220     
  0.50528096005535084     
  0.59645531357657855     
  0.30324476481142587     
  0.54852654251359234     
  0.32404251510010845     
  0.22460610233545122     
  0.23965431387280489     
  0.22968034199690279     
  0.47456691577927501     
  0.35606027815134111     
  0.60388660161884855     
  0.28329600101532476     
  0.21814478217688146     
  0.25307887913199240     
  0.22082022680784058     
  0.33658631664808941     
  0.20276110617559151     
  0.25733994190570775     
  0.43688131843745664     
  0.34957639572347077     
  0.27535044908315492     
  0.32506605099385472     
  0.55922171458995551     
  0.19839489743682168     
  0.57778633349261188     
  0.20395864469080252     
  0.41900985603789059     
  0.30050708652808816     
  0.37143224465429647     
  0.51605405529530357     
  0.25446063422682075     
  0.52101392433477600     
  0.24002032118318731     
  0.36786290158087748     
  0.34318071212113344     
  0.24923704918033923     
  0.37262502055446856     
  0.46042789649577925     
  0.28204953095729846     
  0.28771378977875889     
  0.17238919503203989     
  0.37568117253577021     
  0.48059265964663306     
  0.45324559124002112     
  0.13352720095719892     
  0.55927451276485673     
  0.20165009309814613     
  0.29626465879818387     
  0.52466072021952503     
  0.21514094216767438     
  0.25463722436909586     
  0.30192884793237257     
  0.35588141653385197     
  0.26070111553445491     
  0.33629487385831813     
  0.19317834041022328     
  0.56287898229269606     
  0.48402462725899809     
  0.22577473373152690     
  0.51855317800635126     
  0.23474068797223224     
  0.24216586774795967     
  0.24665480103818238     
  0.29106755222636821     
  0.27658474993127424     
  0.33152782753291349     
  0.33040252453865815     
  0.51906055996074452     
  0.30637587714635778     
  0.28701126816284356     
  0.48193950364971000     
  0.33401476083705822     
  0.27492253880108497     
  0.48053943816670730     
  0.27488168277318620     
  0.40817167165266582     
  0.21233853403638728     
  0.49120395012154117     
  0.45322946234256500     
  0.23596476844995223     
  0.49771170628523137     
  0.24067832936359829     
  0.38024009388107172     
  0.22478925080510082     
  0.25096074093735687     
  0.19784489558792420     
  0.28592566286297838     
  0.30104617915128368     
  0.40412388064004151     
  0.24970251334171126     
  0.25975518701826877     
  0.31081384827725561     
  0.26906544354046857     
  0.32851066402067214     
  0.19554376661835982     
  0.47922090745257601     
  0.52146547831034540     
  0.29683806508721594     
  0.37615689398494667     
  0.24353355443977789     
  0.20334676251372671     
  0.35096886615071488     
  0.31992755832654568     
  0.25659364980543370     
  0.32598883772886733     
  0.46487100358208339     
  0.23398307830954124     
  0.25007737619398462     
  0.27929961596013303     
  0.22625653140043006     
  0.28251006368954751     
  0.49632126387743841     
  0.31222464193010147     
  0.50775713570447412     
  0.24232402344096374     
  0.43597342285405150     
  0.46992960860125704     
  0.29083313497784824     
  0.49568915070954611     
  0.45535341042632727     
  0.33445765962933893     
  0.43425778276467736     
  0.26467561709459408     
  0.35477925005749400     
  0.48061501247179972     
  0.52798313454006207     
  0.28943723683690692     
  0.23196028728705259     
  0.38505910217784300     
  0.43661718619862205     
  0.26411994197209560     
  0.61995753835045864     
  0.25836043643497397     
  0.47140750575761331     
  0.47389748365864587     
  0.49887925005354378     
  0.26609835480197941     
  0.26921968529293011     
  0.27688204486855583     
  0.29138635530512191     
  0.35245525884544449     
  0.28873691472367818     
  0.48140754007698178     
  0.28355015365985858     
  0.49867909717331277     
  0.25131962319908058     
  0.23457206731301286     
  0.35883796382784588     
  0.26520410498485825     
  0.49091636131053018     
  0.30319013463635786     
  0.19657485148618403     
  0.40676655246230287     
  0.58383287858438582     
  0.25596280374024410     
  0.32071253666803773     
  0.21527002866594633     
  0.32244592688539603     
  0.50206319402039845     
  0.34488934088352091     
  0.46091739277956401     
  0.29644147061334486     
  0.19556533424825320     
  0.45736304800705219     
  0.23342547012950304     
  0.43008283061994940     
  0.53183490281658208     
  0.43188860791189954     
  0.44521922787222140     
  0.29887353612081174     
  0.30776605994731820     
  0.28854410695670935     
  0.52346999673200389     
  0.25481781494070666     
  0.47551209590480914     
  0.26045406414349320     
  0.21113880781513708     
  0.24431273325355524     
  0.49068511547928229     
  0.54755610581651271     
  0.47682215655567345     
  0.54236881427012229     
  0.24240475599055750     
  0.22426924048966551     
  0.28587360584188826     
  0.29042308630365971     
  0.19962295239445446     
  0.46795329595031399     
  0.44702140399933571     
  0.26265044023665612     
  0.22837056825813193     
  0.27929682273904743     
  0.33397082812346707     
  0.22887552894467436     
  0.17410675135041009     
  0.34828824205944886     
  0.24884390065996673     
  0.49887925005354378     
  0.31393118571856943     
  0.28423138037341872     
  0.57763368435328977     
  0.47504815838442865     
  0.36273109969750073     
  0.23602123620733853     
  0.23273287352362254     
  0.37092263442412571     
  0.27165154692493249     
  0.26878933525913623     
  0.23231179663398588     
  0.24889371125261431     
  0.32179384592961813     
  0.31943583526368263     
  0.24979851827653735     
  0.31094472216825902     
  0.21825393687474259     
  0.22644581303421296     
  0.23558650268176087     
  0.25872837461560000     
  0.24464949175247380     
  0.33825276718086816     
  0.27636809802784534     
  0.33415916591522815     
  0.24654849039584892     
  0.27024675270960569     
  0.44699276222970807     
  0.22737805704057973     
  0.42038916256657388     
  0.38448191255273517     
  0.50168078607630340     
  0.32170343650071065     
  0.49104982398215691     
  0.30320081310315283     
  0.24937690751876371     
  0.24492944374268857     
   9.8300989755950113E-002
  0.48699863495404827     
  0.27061647276347983     
  0.26762473147023180     
  0.37989358934311268     
  0.35403277163044550     
  0.24956089145397645     
  0.41829412933256405     
  0.39579708927959867     
  0.31052424510704368     
  0.38270041845998132     
  0.20299870429646485     
  0.20856121045604972     
  0.49481786460452087     
  0.48486820292405947     
  0.31036688506403348     
  0.23714219998026181     
  0.26286590759794481     
  0.29916577190780025     
  0.21629054807286979     
  0.46706856038672201     
  0.52138581588104593     
  0.27297079002939406     
  0.22741281988233661     
  0.25244040897379466     
  0.22478014188941026     
  0.28518821530725652     
  0.27933203096263598     
  0.25946172302740911     
  0.25868387875206567     
  0.23025751624581578     
  0.34292730512117364     
  0.17975949447577499     
  0.32035516737791531     
  0.23555977996332816     
  0.48919017672939985     
  0.25407890624956564     
  0.29310753984415228     
  0.32715867415422234     
  0.32411900427127893     
  0.21134046569555859     
  0.21796387178487464     
  0.19567589020821674     
  0.24858304686016125     
  0.44004638535349011     
  0.25065594660116186     
  0.21566436330577407     
  0.42801697475999095     
  0.32359961375944252     
  0.47795651630140806     
  0.31947893753549339     
  0.26685539383623619     
  0.42787637988350274     
  0.28681766418923416     
  0.25396692492227191     
  0.39743545906981442     
  0.27563309845259865     
  0.27545396457562782     
  0.24059740251604023     
  0.21498427862069289     
  0.30172134488767216     
  0.28933356528435306     
  0.22790847615608412     
  0.23710906924149125     
  0.30512904970877197     
  0.29729490409600884     
  0.46270553939423892     
  0.49184108625153644     
  0.61995753835045864     
  0.40121886613595309     
  0.28064155687141867     
  0.23639369937569008     
  0.26514336619297163     
  0.26596096148071269     
  0.26290020225780614     
  0.24908549916787981     
  0.26385150626723786     
  0.44153185785732751     
  0.60423241958027574     
  0.30459385999563110     
  0.29247041190046519     
  0.30702126707069927     
  0.34836321940326176     
  0.19234031952428732     
  0.52146547831034540     
  0.24728240206031912     
  0.20302269970838036     
  0.33145479920204224     
  0.29755920386408674     
  0.32213114898512818     
  0.27838563120562521     
  0.43814707472746883     
  0.51580383002309849     
  0.31936091068217326     
  0.24913228635693291     
  0.26997603898160977     
  0.25230841813426025     
  0.18653506784525870     
  0.25251881643179935     
  0.24737346847976313     
  0.29555458092265197     
  0.29117043059888320     
  0.54067131488841103     
  0.36970164756930346     
  0.26399394643155705     
  0.41279833339057892     
  0.34627117063272067     
  0.30648086747060177     
  0.30089510175368162     
  0.49483717208637618     
  0.47701461936369671     
  0.17445855712859665     
  0.35095529124754754     
  0.25062535423875004     
  0.18330277001872375     
  0.26778130664782790     
  0.22924975275435325     
  0.29911482854795107     
  0.53087090695627603     
  0.53165664501659626     
  0.34410950247481342     
  0.25105095244153519     
  0.52592383483745830     
  0.27421907649643762     
  0.37845260949887372     
  0.29849281889948931     
  0.26095158510548583     
  0.24278415470612569     
  0.27782948941675750     
  0.22464793359604146     
  0.47391127587775178     
  0.29808673270669289     
  0.45607501681158458     
  0.23280466720899870     
  0.35780217340106829     
  0.31804535025361502     
  0.25816126799713601     
  0.40126326213368424     
  0.43471043392505715     
  0.24998474475687688     
  0.34312368600017790     
  0.52687106427692743     
  0.47480737253793504     
  0.27701279171561344     
  0.21459453894185201     
  0.26482607447049861     
  0.45034874839745520     
  0.34190780879627397     
  0.42740612542248857     
  0.45633419359706101     
  0.40133746414251281     
  0.19419604635186827     
  0.25998996665763696     
  0.34436288903695439     
  0.30435372094463836     
  0.27098642818213725     
  0.26067483038993111     
  0.27554591947681689     
  0.27850102447713998     
  0.28819011373142289     
  0.43002687524578403     
  0.33619281925693728     
  0.31745868888363582     
  0.47964482573951617     
  0.46082512255207986     
  0.47183251039082230     
  0.54253637275004163     
  0.22519860600340533     
  0.32394722696865896     
  0.34321314226982180     
  0.41001231064767935     
  0.24781177823090908     
  0.26703093626275776     
  0.29627180944146614     
  0.25732002929612430     
  0.35144320863585138     
  0.22950486275556800     
  0.51211572723942533     
  0.26717898671270496     
  0.30308351572890302     
  0.47005764656829901     
  0.22941748109139137     
  0.24195601099687714     
  0.27385889357459708     
  0.29957840257610152     
  0.29191745721132500     
  0.21996267297577671     
  0.31168940678001539     
  0.26013608632620261     
  0.26125800519573605     
  0.31833555476964903     
  0.29498505020997456     
  0.53271415625327412     
  0.23566014253071801     
  0.26427100513630208     
  0.44576595279104386     
  0.23692296195571017     
  0.21747321677405454     
  0.29464254776803761     
  0.24376380661246536     
  0.31404701590245154     
  0.29423838232221511     
  0.23651955901146460     
  0.26911703768655970     
  0.18621096885973315     
  0.46665459858182340     
  0.27695388020637746     
  0.48064809303108991     
  0.28820096609072854     
  0.31873250783297513     
  0.42125042596464246     
  0.27728552738330414     
  0.24179131694465761     
  0.25588521659201874     
  0.24108982410849633     
  0.25385401662801271     
  0.32795028647226665     
  0.21560841988313795     
  0.43090796901386369     
  0.48405385204179990     
  0.24645601504463230     
  0.56726072677181805     
  0.27229451724978809     
  0.21489841861795658     
  0.20521366227717081     
  0.28664276342897366     
  0.47405893221277173     
  0.47401045493689176     
  0.24349896534618642     
  0.26875631232705155     
  0.25216205137491093     
  0.30221649123959310     
  0.26871450865466240     
  0.22922420778258334     
  0.43842360078955322     
  0.31873250783297513     
  0.30288402042712820     
  0.29558197124752444     
  0.33072368215467035     
  0.28926761178224114     
  0.26066700532881243     
  0.31137607880076940     
  0.19687596566910492     
  0.30655944417731323     
  0.21768394813630459     
  0.26875387784789251     
  0.35751516634171759     
  0.28671248539660599     
  0.23121344617094242     
  0.26689769993846063     
  0.46417962843573207     
  0.24170013475911778     
  0.31594034921816683     
  0.34263812041118930     
  0.34243243273038110     
  0.11427944843039316     
  0.24643709097646543     
  0.22918470107475891     
  0.51583917965312831     
  0.27940619080070922     
  0.31753448542264129     
  0.41515806728074411     
  0.45946593296577842     
  0.35225748037986299     
  0.30437560214237325     
  0.34626908695192216     
  0.17805146252369392     
  0.34822577161353496     
  0.52217852134092169     
  0.26183195726989239     
  0.22291059461185853     
  0.17677733084386754     
  0.31806933524890368     
  0.26021225198349107     
  0.27053716588686577     
  0.46139318881237135     
  0.46486273650738186     
  0.28709960680999747     
  0.28228151089376757     
  0.46517938947498083     
  0.48968544594632091     
  0.24035091533693284     
  0.21735773916291248     
  0.27010442112066946     
  0.52393801488392200     
  0.24175821444762619     
  0.19648400418116066     
  0.47888592471060593     
  0.25675476876846748     
  0.30725281556467465     
  0.25381424951939080     
  0.48171713941373345     
  0.53696181043623081     
  0.30286771951590952     
  0.13918325091236966     
  0.22363022617133996     
  0.22210985148356044     
  0.28390334339051626     
  0.23886652687797494     
  0.26804225346110883     
  0.50885335911958207     
  0.52280396280546604     
  0.27460953892170475     
  0.25929789471975062     
  0.12828958276937166     
  0.25482319436168105     
  0.19753087836614108     
  0.25722767263525342     
  0.33899917827139142     
  0.31303221668247583     
  0.29269902072584997     
  0.26673942411463564     
  0.27553750296716983     
  0.46989609517205111     
  0.40408512605527608     
  0.31607080222127970     
  0.24554533056866090     
  0.21270965959609398     
  0.26499480031445111     
  0.28655926328589593     
  0.30792202637544830     
  0.35791932098303858     
  0.27781594166576984     
  0.27496869389506862     
  0.50885335911958207     
  0.34478371482132791     
  0.48758135658597457     
  0.31596570871796126     
  0.30581182457714412     
  0.31838802811139982     
  0.23889590779681480     
  0.41255546132003851     
  0.25153586582255089     
  0.15681499188856921     
  0.21870969831566356     
  0.20045340567387418     
  0.26924404082862963     
  0.46314539306838148     
  0.28206866967275002     
  0.25028318299865182     
  0.31617459983497964     
  0.25393460913879107     
  0.55176031627325894     
  0.28998806178692932     
  0.58085287180627598     
  0.26265368207578088     
  0.24974537054445756     
  0.28474453218259921     
  0.54755610581651271     
  0.35695123319194855     
  0.26975423347932992     
  0.51169738898976069     
  0.44564951504095335     
  0.58987712485873955     
  0.25576941886491705     
  0.21847878524195827     
  0.32979422455932061     
  0.52197989218242014     
  0.22831856885356161     
  0.32719472699446095     
  0.23732466810598582     
  0.34586100613692788     
  0.39445124803592563     
  0.33015883982042665     
  0.31762884249939177     
  0.27560428350419430     
  0.51420122282784431     
  0.26739710686223039     
  0.29244275955739846     
  0.22961160423008417     
  0.21018779963827391     
  0.29962090302243921     
  0.28345952623481724     
  0.25883010131216122     
  0.35574663703565290     
  0.32356064306877974     
  0.20629685169992001     
  0.31293190663572112     
  0.28254285119020300     
  0.45023313345542337     
  0.27230191935745546     
  0.45274540347691195     
  0.52154970359072628     
  0.23581814712841687     
  0.39650465331974477     
  0.24626041496168377     
  0.27907427431051851     
  0.28689148639355966     
  0.30772838272856751     
  0.22335486492461221     
  0.51828451447402180     
  0.32084411490874537     
  0.52500491486340728     
  0.33408080780069332     
  0.19686636662875276     
  0.29145163385384015     
  0.27320034743774496     
  0.26326144013507607     
  0.32776924711026678     
  0.48528055104408568     
  0.28379722459226647     
  0.25764297019519428     
  0.30826253447205171     
  0.27347498500283812     
  0.22741034046786765     
  0.27644380344824110     
  0.25675744794493671     
  0.46521453656162970     
  0.27751045661105345     
  0.49672288892733613     
  0.35565483631171635     
  0.48719070915213830     
  0.28087540003144540     
  0.24295667076406927     
  0.31843280235861654     
  0.30792634795501667     
  0.21617232180797752     
  0.38983302977313161     
  0.49519872503044737     
  0.29444467908719740     
  0.28250216243325987     
  0.37327665401164561     
  0.52596623479234916     
  0.49199793991366642     
  0.52393263254644074     
  0.24548643490288424     
  0.26827914706334088     
  0.28173146448397418     
  0.24614628199985811     
  0.22556565261242922     
  0.26722848834034713     
  0.21371009062428753     
  0.25485472174932861     
  0.51670299270095210     
  0.23923571219917689     
  0.25047034785093614     
  0.22223373060178211     
  0.33057996177610188     
  0.26119031392591457     
  0.28342194754857120     
  0.49571213196072256     
  0.21412524521938986     
  0.26348711569437355     
  0.23120875007213448     
  0.55481232246074652     
  0.25271063484707690     
  0.35480651071804559     
  0.33590467872027197     
  0.38026013597172348     
  0.46459267054623710     
  0.30493300609509294     
  0.29651302401542545     
  0.30473119819386540     
  0.21628462063411447     
  0.28174206668750618     
  0.47089809388717480     
  0.28542411571226639     
  0.21267602467684715     
  0.31857961136705509     
  0.26047589881870986     
  0.53596328777412650     
  0.54786213268347739     
  0.32460585777059242     
  0.46083271142949678     
  0.34269408436397325     
  0.44465679763928412     
  0.18051871042177797     
  0.23178663521895379     
  0.23958564609384461     
  0.49563784731111843     
  0.17653320886781559     
  0.46291668565851390     
  0.39832122059919944     
  0.27472040782541385     
  0.31876431969176000     
  0.26577535188380857     
  0.25948049301940668     
  0.22610886431730629     
  0.46218714518831744     
  0.23954874125570363     
  0.26254014614493842     
  0.22843950465019019     
  0.39493393557754747     
  0.29504398111667696     
  0.30656246512270513     
  0.28132697094755688     
  0.48064445676222489     
  0.33720360011213774     
  0.23480823287831395     
  0.29225584135968091     
  0.34469086041150054     
  0.32844251290024712     
  0.42463746224669430     
  0.26056525164175381     
  0.24710048397491929     
  0.26846896510262974     
  0.45276957114102823     
  0.29689557081774604     
  0.51185086359841414     
  0.21054792763654112     
  0.45575085091432371     
  0.26565679330695757     
  0.27843175555734301     
  0.32903672980073034     
  0.17551859274586812     
  0.31002550103539894     
  0.26939861070296423     
  0.31989072261034185     
  0.42579403961720308     
  0.27461602535432666     
  0.37504873692786295     
  0.29433020881945665     
  0.16004017482524649     
  0.28173795130574497     
  0.47901159256962772     
  0.31934884936173802     
  0.50870468008534742     
  0.25902770540236236     
  0.34581056136740623     
  0.48583823897610651     
  0.22409141540788005     
  0.48690508632293761     
  0.40938976649911435     
  0.23528390566618684     
  0.40086072655418492     
  0.24968464668689697     
  0.52527479160662260     
  0.26484556848955870     
  0.30453401549164782     
  0.47279386219362479     
  0.32007803397223172     
  0.22395489377481750     
  0.21054681612366891     
  0.43281684218281680     
  0.33425065989937974     
  0.52895095707446582     
  0.32609143466824442     
  0.30728320864082914     
  0.25720814390017105     
  0.24524037903155993     
  0.55547998233639506     
  0.37438315143642970     
  0.40109645059841004     
  0.27351881790877686     
  0.25268944193226811     
  0.22998278791347179     
  0.50154957995636873     
  0.32382848952465831     
  0.35800820279537543     
  0.41063100519339868     
  0.20961193670914052     
  0.45128280297761514     
  0.32218285954033132     
  0.19312006121942635     
  0.44639582502043018     
  0.23581677695414272     
  0.24783648979343942     
  0.30171058619961771     
  0.26388932896567491     
  0.26607422833680289     
  0.39801052532423792     
  0.45381652881581247     
  0.45090874507208134     
  0.46235841376723325     
  0.57128706775586002     
  0.33274293561010909     
  0.27550765645441466     
  0.22135385037377955     
  0.41933298920239137     
  0.34204844601734652     
  0.24152146883263473     
  0.38966087802433108     
  0.33049456543488942     
  0.29601493981474286     
  0.34277713563259010     
  0.24519358536563615     
  0.51675322465624363     
  0.29559747941036640     
  0.23213691232509734     
  0.24446375901088066     
  0.49072393588156704     
  0.22550587176872902     
  0.19582102180692271     
  0.22303851468259492     
  0.21923667557940921     
  0.29256852291955499     
  0.26569116123975384     
  0.49633044463105269     
  0.40438503313105534     
  0.26509456389876818     
  0.19885032089552096     
  0.58038314088600484     
  0.29341015712124235     
  0.33141469033504556     
  0.21997688066782792     
  0.21558742602908287     
  0.20004118469214255     
  0.49479661122003837     
  0.54858761038502057     
  0.47573583523715735     
  0.32109702709333354     
  0.30091330722170312     
  0.45015833072185640     
  0.34625068959275251     
  0.27243366574914718     
  0.46535745919103311     
  0.25343146900125790     
  0.45452091296674479     
  0.25224655100514476     
  0.25283513490692322     
  0.27391683420424551     
  0.50207220055957591     
  0.47339574525167261     
  0.32659643447699643     
  0.25147087316952194     
  0.26802839222504521     
  0.28216648926050680     
  0.28140676757741784     
  0.25421810280036528     
  0.29790924887155007     
  0.36913968305204103     
  0.31573387125585850     
  0.25494130840050166     
  0.27593659495960648     
  0.52376377672846830     
  0.27976134183721563     
  0.27057386667679534     
  0.31169304920110869     
  0.35514410010621145     
  0.23519248264717751     
  0.29010322947038703     
  0.25742801426658452     
  0.41836720014997847     
  0.28042588889243958     
  0.26455194572970719     
  0.29686316310161642     
  0.20213505783270053     
  0.30506953484640559     
  0.35067089384435129     
  0.33384507480398390     
  0.29837965172139330     
  0.44864382477053771     
  0.31941938130141151     
  0.49874239694366912     
  0.51167654262865170     
  0.43313629878729887     
  0.58449870522627656     
  0.24969799205995316     
  0.25146700249094650     
  0.27225539631301743     
  0.47447003162505835     
  0.33489751167596271     
  0.33722381647399297     
  0.35397205652547403     
  0.43922394384146124     
  0.28828174689094349     
  0.25870208138966372     
  0.44731507212768506     
  0.46486273650738186     
  0.24285672431631866     
  0.46788653511070882     
  0.31424829903328527     
  0.19827569272516943     
  0.31807784203960926     
  0.31176505486799488     
  0.26096096230891114     
  0.27657259694546688     
  0.18849462807248671     
  0.41609151786755405     
  0.31812182316309479     
  0.21229550333047201     
  0.45204125547841639     
  0.30214399426890859     
  0.30881447464472533     
  0.37599195730694929     
  0.21190384307184459     
  0.39783004241589798     
  0.52916281886969019     
  0.31886783625855036     
  0.46502195667866636     
  0.35152673521619709     
  0.24398539824734025     
  0.34429622044222302     
  0.25839066481879325     
  0.31323261996605145     
  0.18427599166700889     
  0.30249316351850097     
  0.43157598307408623     
  0.22698626277716297     
  0.40106399412215082     
  0.22410177485632787     
  0.21594269433834878     
  0.22858512792343375     
  0.24736794155312591     
  0.28572457226828252     
  0.30995793976693992     
  0.51598765046493633     
  0.20109398079491284     
  0.36075832227579963     
  0.32285426751846924     
  0.40946961481919358     
  0.48130348827478930     
  0.25413910790480393     
  0.41560761606904367     
  0.40693518001169277     
  0.23688066531480559     
  0.50995784287585100     
  0.25365587104888826     
  0.28141736588477290     
  0.27711144873924592     
  0.22642272166901420     
  0.26704939063283722     
  0.42366167715709796     
  0.24796695481596878     
  0.35541795577396906     
  0.49694966037508931     
  0.58163451427511825     
  0.25331359165920025     
  0.26199561578635150     
  0.27233233308114185     
  0.48767933215911530     
  0.27864468484215277     
  0.27202012337304521     
  0.36832291640107689     
  0.27879878158587867     
  0.30713900015916618     
  0.27402237275593172     
  0.23491091127092922     
  0.27696697824897565     
  0.24652885600087759     
  0.30689106505599267     
  0.27339436436459291     
  0.34841737473275808     
  0.46861192534616286     
  0.46214562496751993     
  0.17779548366994100     
  0.25731122667814937     
  0.26587053147036438     
  0.29422943936002710     
  0.21514593889673159     
  0.31894475755693813     
  0.36162183638748691     
  0.21475344777357616     
  0.32788260863160806     
  0.24370195278300855     
  0.39732335029581844     
  0.27158435723290619     
  0.45681389249368909     
  0.29857076229891627     
  0.27275621757787416     
  0.26036478006100539     
  0.30978956322854567     
  0.46680417423407339     
  0.25215047003643887     
  0.27804630977524414     
  0.50206319402039845     
  0.32500278710186248     
  0.19513383879108687     
  0.45672431719630763     
  0.51029920075260304     
  0.39974837113139655     
  0.27392799663981715     
  0.27455695911922040     
  0.38333290567015232     
  0.42150953811678360     
  0.51056649514767716     
  0.26665932340211240     
  0.19122721279511026     
  0.31593033257095265     
  0.23478646291045716     
  0.24184005016170573     
  0.21869038427350224     
  0.41535521379871698     
  0.35331428154213390     
  0.34157728372164858     
  0.48314426180114239     
  0.27675879364059125     
  0.21158108181534421     
  0.34331477574999192     
  0.30656749922683763     
  0.48796863896740889     
  0.28836950197794775     
  0.51037718062749793     
  0.26583725184449858     
  0.24185572810613226     
  0.30916981356189538     
  0.36046405677543236     
  0.43869446753227648     
  0.34341485549489598     
  0.21449876634085771     
  0.40521625873215183     
  0.58987712485873955     
  0.27321235156194185     
  0.24990492080455232     
  0.22242531402643262     
  0.28544071927201803     
  0.50025150818011166     
  0.24510886509419202     
  0.33465516417837138     
  0.40763490215470022     
  0.42471526730141890     
  0.21152602788411873     
  0.34014331487500354     
  0.57124370515818323     
  0.45092287098223477     
  0.29501523235169086     
  0.47156655897392080     
  0.28535321326342822     
  0.41956134987129606     
  0.43889655775637182     
  0.26937974840596812     
  0.45837378730931211     
  0.29533557625640972     
  0.23009824645025703     
  0.25981019914035924     
  0.26267994659258059     
  0.22647271721467771     
  0.25498509704748057     
  0.27387694853604344     
  0.46042789649577925     
  0.24292948728300420     
  0.38080953649438798     
  0.17043691532558317     
  0.38451904424701527     
  0.32422698544139389     
  0.30392336787866420     
  0.29569924761352573     
  0.25266120837270412     
  0.25177293246447485     
  0.30719919816966834     
  0.23355330594885676     
  0.17169107304532022     
  0.23151642142110132     
  0.58324978699216168     
  0.39199004656910208     
  0.24160084055125230     
  0.24835034067069220     
  0.29397353079379723     
  0.16421170968292334     
  0.34560287810820567     
  0.49670965225127744     
  0.44498338203237797     
  0.32792488883191384     
  0.37534471814738851     
  0.30155739897816525     
  0.28278898997495056     
  0.25352244409102559     
  0.22771345799046380     
  0.16501522242741182     
  0.51601627249036719     
  0.31468698765854997     
  0.48968544594632091     
  0.22769012769227570     
  0.36590546743911379     
  0.35917810639639758     
  0.29941967469326075     
  0.27283335507787593     
  0.48391616595494930     
  0.55208327399525392     
  0.26737642467694456     
  0.21976910213378695     
  0.41679668677885312     
  0.32454918529708943     
  0.49866900026050459     
  0.44185856956730618     
  0.29363058909117201     
  0.29504413577913124     
  0.48192740616599744     
  0.33907002499916700     
  0.17364346564993227     
  0.26334417232871238     
  0.19222481441774522     
  0.22433126370637160     
  0.26004904579927374     
  0.26790377447799391     
  0.31981602323693553     
  0.28155204016292878     
  0.51416750222936258     
  0.32263317989709334     
  0.48646237856851565     
  0.32987907710356890     
  0.29781275497014442     
  0.44063404556922570     
  0.25934730679573131     
  0.19458307471441638     
  0.35681697938401169     
  0.30123382951709538     
  0.23359172217567797     
  0.26578418143077603     
  0.47552696992916654     
  0.38855526786496469     
  0.41933739148698290     
  0.27871228461709308     
  0.26454805146907928     
  0.23627198251166251     
  0.26484815862173716     
  0.24580530815277735     
  0.25306329537826150     
  0.29150107108717849     
  0.37394994795066261     
  0.35256108162224353     
  0.30323105106963921     
  0.32078463597090040     
  0.25998180474720078     
  0.19128604091978346     
  0.23427060707308983     
  0.32019401499745848     
  0.36659899563125042     
  0.26557254437279876     
  0.37697020493317329     
  0.26795328920253247     
  0.38505761639455305     
  0.27472114579002943     
  0.45274540347691195     
  0.24938706065886337     
  0.31779267039660503     
  0.24829411365488199     
  0.23822533643299923     
  0.42010109753533259     
  0.23469782802988035     
  0.49021427527641581     
  0.22534976559512757     
  0.25562410637693239     
  0.52101392433477600     
  0.42917044703572743     
  0.56643474856971066     
  0.24806459583140658     
  0.25335262667882885     
  0.21065747188585576     
  0.28610550698890430     
  0.28266246273727252     
  0.25355367300652948     
  0.20033798300780181     
  0.29962674353404778     
  0.32983601898278347     
  0.28843679082297030     
  0.26257011899808724     
  0.20433210999054618     
  0.26476027482478393     
  0.33444844038096733     
  0.21987018524498048     
  0.25154127867823528     
  0.38655092980069444     
  0.32681011260662934     
  0.18166097958902841     
  0.24918354648824168     
  0.28636475388696903     
  0.24103862814136107     
  0.50098902059111983     
  0.26775317125884984     
  0.59152254282742767     
  0.33557884020847623     
  0.23946511546020299     
  0.35210897420774318     
  0.30731641062323051     
  0.29144207825837803     
  0.28253774544988425     
  0.48343785717349713     
  0.21062043115438686     
  0.21371187798878788     
  0.33354336001432183     
  0.46059133095754418     
  0.32914687412618066     
  0.44816185407106246     
  0.18415469000727974     
  0.31059968924814174     
  0.35921439829514001     
  0.23972868311375206     
  0.18252364906973514     
  0.23246463661589903     
  0.28866641149596539     
  0.24505059556545525     
  0.52445618054418308     
  0.24821464021518053     
  0.56178008052295969     
  0.25883182585617570     
  0.26497397505263925     
  0.44306355583403190     
  0.17991075310293120     
  0.25688679562018740     
  0.27405611862169327     
  0.49092848143151757     
  0.17794880263147170     
  0.49874239694366912     
  0.37638123254448014     
  0.30846896296050397     
  0.26310005920652219     
  0.22488018407730234     
  0.22906938303475208     
  0.38645632549783887     
  0.29309045251401816     
  0.43734947697890292     
  0.57818889719208011     
  0.25547414980748728     
  0.47767016490733638     
  0.22759784269691100     
  0.24503631393519457     
  0.42576409237686036     
  0.46353125317794175     
  0.27699214060242278     
  0.27425069126312090     
  0.23346872441376945     
  0.27385385752743280     
  0.26312316798769947     
  0.28080832570512537     
  0.44484212095727133     
  0.22852734194605176     
  0.45008499897231075     
  0.21872979141783308     
  0.24514344798926002     
  0.54842309232624875     
  0.47206942301561972     
  0.40784814661459551     
  0.23162267574679904     
  0.25171454251773995     
  0.30815618897498315     
  0.54253637275004163     
  0.29434505477544909     
  0.51416750222936258     
  0.45984291774150399     
  0.25674035203408430     
  0.38495824800942552     
  0.28089029986271197     
  0.25508986899121178     
  0.22487140730378022     
  0.19483166347271258     
  0.41537873312025175     
  0.29874426415927940     
  0.17529832560644137     
  0.33725220293999442     
  0.27892342438234946     
  0.27935714615609514     
  0.30814205755087154     
  0.46197391267820764     
  0.27519313448551830     
  0.32151344302366935     
  0.27803895865636774     
  0.20859902957126228     
  0.29431793498130021     
  0.17427592749242871     
  0.23556344735588428     
  0.30895834246482312     
  0.20233373705240856     
  0.25571896796653626     
  0.34333079317573806     
  0.31489557160940690     
  0.52500491486340728     
  0.50325437289678032     
  0.40094537185285628     
  0.25114711896918340     
  0.26413731806741225     
  0.48653920001212464     
  0.23538210725679459     
  0.22531862657305179     
  0.41355245114040567     
  0.31818584768850994     
  0.56962018131039982     
  0.41704792032165572     
  0.49288332173745530     
  0.28476058054741832     
  0.18888616293517038     
  0.22942837709896904     
  0.26703909866129649     
  0.23497834911059004     
  0.24391208038653281     
  0.23308198747875006     
  0.52611119953059660     
  0.28632004087360702     
  0.47828184881538877     
  0.23594156302189798     
  0.30886957784480318     
  0.16362062623075524     
  0.43136047052985865     
  0.30567030667148665     
  0.29216230277434030     
  0.55994700506366701     
  0.28695678995111246     
  0.26806506869342844     
  0.30458682933052061     
  0.53875334490898208     
  0.42270755657475756     
  0.41598777885798294     
  0.25625772388098372     
  0.35834499118987301     
  0.24217479935612662     
  0.27576648762708950     
  0.31169492840244806     
  0.24900364662765956     
  0.21583959111645878     
  0.55139181161445694     
  0.44496560187934675     
  0.37325161861367556     
  0.50003927282806826     
  0.34308277058653180     
  0.27433220430748101     
  0.47886603664070099     
  0.27039058431190094     
  0.47615711767304214     
  0.40697646977088603     
  0.41209838518334030     
  0.38864768491299667     
  0.26331604614282456     
  0.21932237181975947     
  0.56691709470533203     
  0.34131498956322098     
  0.37076598875848360     
  0.26276192943987270     
  0.50334445092922431     
  0.27861905162379152     
  0.28957357532759664     
  0.16512800687377008     
  0.23317958166247246     
  0.26386631409170941     
  0.23204057685055413     
  0.24427883707031076     
  0.26214163353803827     
  0.41682743028869734     
  0.22711741887479028     
  0.49185558600098095     
  0.41931222824592168     
  0.23615663850365504     
  0.17896246862405976     
  0.20892674003136527     
  0.22094727147030674     
  0.22618059070416774     
  0.31849855605350652     
  0.47807742179378093     
  0.23739735178195642     
  0.20455192400247085     
  0.25458664916289769     
  0.20437237340794936     
  0.45890683495598711     
  0.38858837798026830     
  0.30769470931845538     
  0.56823194104304053     
  0.45032003331525466     
  0.30213226685199529     
  0.26321397796444590     
  0.24487323894674412     
  0.30883206183269357     
  0.17587293827868178     
  0.40976173374533587     
  0.29347437439242996     
  0.29483805636345245     
  0.31113087701976150     
  0.28480531226264638     
  0.25099651109623494     
  0.30282754579119925     
  0.22619144701280633     
  0.44406970383042926     
  0.49344988165381892     
  0.50154957995636873     
  0.27855278358584257     
  0.49605979880824141     
  0.52415811194740891     
  0.25405355845177369     
  0.44405955328046087     
  0.51236284133485432     
  0.27332713164463041     
  0.50470802125084102     
  0.25669368170801532     
  0.51172810736818042     
  0.37118323887253418     
  0.20004411070070474     
  0.25089255133514693     
  0.30705052796047111     
  0.45185273575905033     
  0.21732620628035770     
  0.44856458660597831     
  0.50083298359002049     
  0.54121987878576272     
  0.55409016982195036     
  0.24551749611155788     
  0.44202893310596009     
  0.26762946269932486     
  0.26235351320489286     
  0.27599140957529600     
  0.31371490179457900     
  0.51593806244266416     
  0.24503189970644346     
  0.44867677872203338     
  0.52176289857677893     
  0.23438149011552659     
  0.23970729465040830     
  0.27614017389271200     
  0.43905005638040967     
  0.38445468693493212     
  0.54236881427012229     
  0.19728663530554080     
  0.45075556305446318     
  0.35173495659680742     
  0.46443224975248881     
  0.22936755698119815     
  0.30860063516589925     
  0.40276252119817241     
  0.45090995097030329     
  0.48318847581021734     
  0.46403060103255500     
  0.29044776161108821     
  0.28027939558794496     
  0.19395818846285678     
  0.22318766952888403     
  0.25646350198584661     
  0.28885225486282867     
  0.33936858134607795     
  0.45234826573301290     
  0.25937712666485951     
  0.25908085416413112     
  0.48558425131867461     
  0.25699916402901435     
  0.25142808230652458     
  0.24984473871981785     
  0.27844240384134900     
  0.50725489093158360     
  0.28953046032411361     
  0.44964272808441963     
  0.19796675598091196     
  0.44151474371176092     
  0.54248048594787046     
  0.31627705719350296     
  0.29215413276808316     
  0.50636831013098926     
  0.24443752043263953     
  0.24923653296213147     
  0.25885626348371810     
  0.50789845309303006     
  0.22618643969891289     
  0.45416188353054548     
  0.20096621910008475     
  0.23515664486327109     
  0.23706452614762974     
  0.28785225832702582     
  0.43680860822176482     
  0.25917234562776947     
  0.42797112977705404     
  0.23137948599597319     
  0.26317690045744313     
  0.29743162779039739     
  0.24610073483020961     
  0.43354989576535685     
  0.46746915744487466     
  0.26667460063561282     
  0.25683534085059717     
  0.35529057721236740     
  0.43688131843745664     
  0.31376951578708290     
  0.19060587327048167     
  0.39343144138682035     
  0.22206729116024232     
  0.48879308943467720     
  0.25957406439491276     
  0.26657085309806972     
  0.24265833629689079     
  0.20893562618883393     
  0.57778633349261188     
  0.20992479466983802     
  0.23303398009094187     
  0.30203686326113521     
  0.55176031627325894     
  0.29847629072692877     
  0.44529703063235371     
  0.30295234300075613     
  0.18252532711424482     
  0.34730959203272255     
  0.39393046382756930     
  0.41073359405369370     
  0.22358514181873268     
  0.27830858165674333     
  0.27222027828081685     
  0.29616731125167628     
  0.23175263871499824     
  0.35555938700567580     
  0.26153809230366126     
  0.28695008582908488     
  0.20344478744257866     
  0.38489142104218782     
  0.21686693489781730     
  0.28223952112816458     
  0.26643102485869186     
  0.34757748356789181     
  0.35070121703028223     
  0.54431688731009686     
  0.46537261344844794     
  0.25458371504016147     
  0.51707928981695717     
  0.25322805383615121     
  0.32608101821640673     
  0.45980979641223990     
  0.22808724603592773     
  0.44498338203237797     
  0.30073338462272681     
  0.25460632565196994     
  0.25080145624495565     
  0.31229221332994861     
  0.28735750329061027     
  0.51170698795464786     
  0.47173283745163497     
  0.27695685927624286     
  0.18209195207085560     
  0.31654616205755282     
  0.34267203773067778     
  0.45692325999997846     
  0.33905568306328154     
  0.44607192214393115     
  0.25617549650036475     
  0.54044471722105036     
  0.24026920271300539     
  0.35552806637259793     
  0.46310960160394682     
  0.30990697178681254     
  0.40755202672961810     
  0.35223417670495755     
  0.53501009913854558     
  0.22762981041759270     
  0.27538281383853230     
  0.16048761371278117     
  0.27576920972524321     
  0.23972393027091216     
  0.47497472095073318     
  0.35833974292267429     
  0.23331407830336820     
  0.51369216541087137     
  0.34778616719417343     
  0.26856312017457906     
  0.31072836473793741     
  0.47720846275972645     
  0.21150101828829262     
  0.26158851521488830     
  0.21984122747473875     
  0.45523390646171141     
  0.37112141186889802     
  0.44591289783049576     
  0.23965440262047941     
  0.25513168608402437     
  0.52877499376281711     
  0.51104461811021573     
  0.50530226181950866     
  0.33360164294991779     
  0.44739158031571469     
  0.47206942301561972     
  0.31124214402939526     
  0.46708041263723155     
  0.30910677535149012     
  0.58711604117235905     
  0.44540268227807250     
  0.20742366586281449     
  0.28769601193991423     
  0.46627440176975915     
  0.24629444840894374     
  0.37473256093196844     
  0.46282390601090151     
  0.31839113780656847     
  0.48659516784898976     
  0.26367732538258609     
  0.26165446879369403     
  0.25872613237749642     
  0.14359563527644670     
  0.20370877408663160     
  0.25103426609973029     
  0.27464918636934033     
  0.28441804527728881     
  0.37061603686511108     
  0.29229185602560392     
  0.40310195471781490     
  0.46096478353386683     
  0.48973640617717584     
  0.21534700291971809     
  0.44055783104949203     
  0.23820282889100278     
  0.43505093056975835     
  0.53935746123936479     
  0.33917996548330170     
  0.42860101256766880     
  0.23177383815813779     
  0.28282794836088160     
  0.32919861832803249     
  0.33188457108048569     
  0.51939852790689411     
  0.18857351691701799     
  0.23162790648446610     
  0.44547352281836206     
  0.28870201291875619     
  0.43010856337820341     
  0.38430869558465419     
  0.35182672779371821     
  0.25630591360695631     
  0.32422614061239902     
  0.30468039327603175     
  0.31171043527083298     
  0.35560884883775407     
  0.23158468289096043     
  0.16392306651716151     
  0.55121066755593462     
  0.48925126908559208     
  0.25663526867877895     
  0.46312696981630980     
  0.26215228314698508     
  0.28856303243943343     
  0.25807434260064843     
  0.29684064514300634     
  0.22917744004139928     
  0.52687106427692743     
  0.47369416515126078     
  0.28331564765701189     
  0.33369188401408806     
  0.21097981168683966     
  0.24374252197281876     
  0.38874493211495376     
  0.50003647907372484     
  0.29490513033833149     
  0.21864131363757894     
  0.28318653302370644     
  0.22596377652809407     
  0.39353289368362415     
  0.47835923778111461     
  0.28753137850167326     
  0.41382391897350068     
  0.21682600099144408     
  0.58146673128908855     
  0.34556932621190428     
  0.43977597375171068     
  0.24510580946459234     
  0.48140754007698178     
  0.27735635121537111     
  0.29430289910994817     
  0.46336731568427847     
  0.25886941488598320     
  0.35922013097165545     
  0.22086352144054208     
  0.34650342688546870     
  0.48037418275102556     
  0.28141167814137824     
  0.20194910956160844     
  0.45848438994967855     
  0.28059410543174229     
  0.38246849391030086     
  0.56726072677181805     
  0.40926419643958911     
  0.38588688803766852     
  0.47008649021629867     
  0.22290361576954726     
  0.26957299820061698     
  0.29202191107886633     
  0.32366810973292215     
  0.37486911926142891     
  0.41299951850149530     
  0.23793039140340860     
  0.41135617658878004     
  0.36015809226074624     
  0.54995390493321950     
  0.31652453730063568     
  0.42726147079237792     
  0.28097995599450770     
  0.21761720086069988     
  0.26163711385932820     
  0.24372429819484945     
  0.36825979876990550     
  0.52373338850712581     
  0.27912103640489916     
  0.50037034057159147     
  0.25203220087801104     
  0.46989860384969834     
  0.23595011030613935     
  0.18390837726812861     
  0.21762956337981695     
  0.45510652097528831     
  0.56962018131039982     
  0.18693480854777267     
  0.28303709262724414     
  0.39162104928261809     
  0.55351148531801131     
  0.19720158313208438     
  0.24162926289140030     
  0.26273634224840281     
  0.47057064933815340     
  0.19005724937398816     
  0.37335986255405368     
  0.19314507713980927     
  0.41030175091503140     
  0.25348731413917580     
  0.28827896312547219     
  0.45530542925317991     
  0.28130440720525712     
  0.32426113742527624     
  0.28272326760877120     
  0.35621387291872642     
  0.60423241958027574     
  0.25411430292540793     
  0.48636676607332818     
  0.48806431055558097     
  0.23660890590388334     
  0.54121987878576272     
  0.23241061212819403     
  0.44570630744579981     
  0.26788163848115831     
  0.24528234073616415     
  0.47586685820052105     
  0.43440704482735143     
  0.23380132344719332     
  0.29438086790277845     
  0.28390919341591109     
  0.28123171573972339     
  0.43513417252758968     
  0.48988196562578373     
  0.31704393881839255     
  0.30728762507220614     
  0.32707269633880909     
  0.44769185275428669     
  0.23555401207089208     
  0.44772378552414621     
  0.38757870762871771     
  0.29097451227362509     
  0.21426941928147183     
  0.24859898967268299     
  0.20981378244759102     
  0.51290756644621238     
  0.47476645702370324     
  0.27270463506667919     
  0.28705685571509665     
  0.37240563525579223     
  0.25497334557196738     
  0.24605117310628805     
  0.25010958609031719     
  0.48561840331852607     
  0.24977003327937466     
  0.27494761606898899     
  0.29827830833432817     
  0.26549792556720431     
  0.31119274157394389     
  0.49450803056697923     
  0.23251729511096875     
  0.25111664580982751     
  0.29236548943456558     
  0.25807491958080964     
  0.18718776200964932     
  0.27331555320069845     
  0.39159704222599889     
  0.53854438654312764     
  0.42690153730964620     
  0.26535690754396102     
  0.45234826573301290     
  0.28991953882030547     
  0.26496321338941548     
  0.35655212152816179     
  0.24556659824220831     
  0.21838248164154755     
  0.27202166683063883     
  0.26215533784739542     
  0.23573938889701154     
  0.24078384804866990     
  0.30087345695496692     
  0.44613157431872436     
  0.27856297092283056     
  0.37580482900360035     
  0.21241879342645173     
  0.23189238133153620     
  0.28730801530098726     
  0.20409945541010030     
  0.47656522212427971     
  0.25080520034865272     
  0.55927451276485673     
  0.31599843838579789     
  0.39889310260118804     
  0.26239753773549318     
  0.56643474856971066     
  0.42783227590321593     
  0.28333346815017102     
  0.24320166760949072     
  0.55895942867497139     
  0.30156907075529604     
  0.28400321661118794     
  0.26343097257033055     
  0.32384923862350246     
  0.23701347178501644     
  0.55859814921869544     
  0.23213947161648618     
  0.28715847167166486     
  0.28083928658457763     
  0.27052083464098803     
  0.48109909429871867     
  0.46412790202409659     
  0.14760061392533499     
  0.41876957425361289     
  0.25925076034700278     
  0.54807765136455411     
  0.23988224777456871     
  0.47808337506088511     
  0.55145854010479844     
  0.33241453660079795     
  0.29018380886240880     
  0.34286848316042112     
  0.29396235396776893     
  0.19505707481792528     
  0.35144680840095610     
  0.34789655309872036     
  0.27987138794833982     
  0.34786707720371529     
  0.44758056079358249     
  0.26176474940157768     
  0.39745041845940443     
  0.41934669388122148     
  0.51174394435011561     
  0.43872781461105637     
  0.27809386591158280     
  0.25567910082204159     
  0.24559709058040427     
  0.51132479640644946     
  0.40754579951740538     
  0.20613477082888956     
  0.23117396353101385     
  0.34718284556918688     
  0.26887432834533120     
  0.24957168952427553     
  0.22944513022315691     
  0.26549978860693407     
  0.24889222920382570     
  0.28661289929582023     
  0.27249444688037183     
  0.30670624842296901     
  0.21870843095524681     
  0.30897908363532889     
  0.19162854936013390     
  0.29626051255059238     
  0.49233233287304501     
  0.40131479031385320     
  0.34298295463561601     
  0.27108364671307289     
  0.52217852134092169     
  0.22039291584000356     
  0.29096098028419864     
  0.41706447102378236     
  0.50743591307912816     
  0.42736225373077374     
  0.28461877411751102     
  0.33749209804999258     
  0.39176859521754437     
  0.27661772719218580     
  0.28191199134178507     
  0.35345878964387312     
  0.43453614241961080     
  0.20581002616237196     
  0.27827284868262669     
  0.41224739400998756     
  0.51830254655084251     
  0.27594691122778625     
  0.32025549709856510     
  0.29966299231267274     
  0.26887797101518091     
  0.55922171458995551     
  0.24314656355274814     
  0.48934265518588244     
  0.49257244886742751     
  0.27286875066066718     
  0.26339538777036053     
  0.30230557178434370     
  0.25264546760571632     
  0.28817740713672430     
  0.43564503204232408     
  0.22794820429162244     
  0.27986776332588365     
  0.40719763162221972     
  0.30227739268946818     
  0.27880616523599727     
  0.24319993589634215     
  0.52514760649114522     
  0.23117737748247671     
  0.29431326121300649     
  0.50261466819261469     
  0.22481447552866005     
  0.30273854658871313     
  0.53696181043623081     
  0.23463252820985694     
  0.20677956756304400     
  0.31880969363072270     
  0.46563948071461403     
  0.27323695069675613     
  0.27787426115045899     
  0.21723664213840385     
  0.33729035997409429     
  0.13954879914933851     
  0.35502331185295127     
  0.18247452822458923     
  0.26766033769717434     
  0.51646201637037836     
  0.31244186380169431     
  0.31752740394713247     
  0.24641683264616407     
  0.23298263300768757     
  0.31040433943788898     
  0.20517957383478963     
  0.47997372558060042     
  0.27296481070105871     
  0.38024009388107172     
  0.23866330583014403     
  0.45227757466664875     
  0.32584203628485797     
  0.30481224022897890     
  0.29486728242911525     
  0.43453614241961080     
  0.36242498670531087     
  0.22963973613659042     
  0.25324784927262350     
  0.32651407207756361     
  0.37891345946799787     
  0.44838428382180168     
  0.29121868619454239     
  0.23843019640797361     
  0.46968260438742260     
  0.24956141624220288     
  0.27336052412886713     
  0.29734352997462482     
  0.25472948472894397     
  0.27514706188758953     
  0.29924210311470401     
  0.25006673508478450     
  0.35443347606860159     
  0.33160314696835236     
  0.44437130603960828     
  0.31727142215749021     
  0.38195395506606211     
  0.28860591711803274     
  0.27421907649643762     
  0.25268001384066485     
  0.47997372558060042     
  0.24785957413393889     
  0.40971772803644119     
  0.31096354945242211     
  0.34076416908088408     
  0.27213631929185716     
  0.50636831013098926     
  0.28161582317789652     
  0.36692490798961186     
