  -1.8749785225845423       0.18039224976355930     
  0.17010870658896399        2.3474049920953273     
  0.81135511770540447      -0.67747042561281667     
 -0.68258098246771348       0.54425103920235085     
 -0.16037194440736913       -1.0395124211877500     
   1.1695061002409124       0.42030978385693468     
  0.43930994698102543      -0.42651969068660878     
  -1.0889596583185701        1.0052652808343814     
 -0.73346910303020574      -0.95950241336121866     
  0.43048332177850712       0.31351922676660754     
   1.5788970537409144      -0.17821544017900479     
   2.1605962302418728E-002   1.3067186839278389     
 -0.37766000451044757      -0.56764628609630718     
  0.81029381346068874       0.67068506193861466     
  0.22702847534184503       -1.5651277212300860     
  -1.1018308339397793      -0.10883837391711340     
 -0.89859318329415028       -1.7324236426919921     
   2.8964702866117352E-003  0.18735938384169468     
  0.97645706672395038      -0.54153033403704176     
 -0.56259776164074382       0.68945945013737597     
  -1.6233676422187315E-002 -0.36773128484242834     
   1.4446852927319829        1.1040569930214827     
  0.69805252329216416       -1.0642264317126191     
 -0.78202344056712991       0.38273373468665872     
 -0.88976312453580997      -0.45969884482495987     
  0.32320138785078911       0.98479229763160803     
   1.3233971186298015       -1.2430520245582894     
 -0.22420147228875839       0.36360179865008319     
 -0.51333807524731723      -0.92826504845013691     
  0.69735143196300520       0.50630575669690103     
  0.15951731989955006      -0.10849897034973417     
  -1.6238829408072739        1.6618909697808351     
  -1.6727956292734909      -0.61281960379518030     
   6.7671021558595654E-002  0.57176129158078770     
  0.95006992346797392        6.1203107060852236E-003
 -0.21652018713254734        1.8545245623280013     
 -0.16796459012741682      -0.37495416861000241     
   1.0916502329948479        1.0819835202705217     
  0.47812680831885856       -1.1677364723139148     
 -0.88602586408092554       0.21711078179940616     
 -0.60558823122826311      -0.24615768853232176     
  0.64764707153386147        1.2270941124271084     
   2.4712800893214788      -0.33152251416608780     
  -7.3905115001345348E-002  0.46833280645181086     
 -0.27275142090090632       -1.5405841546979364     
   1.0378241145909675       0.26703754143420866     
  0.27328571732387719      -0.48489643139541261     
  -1.2656394022369610       0.78294393947230090     
  -1.3562586594869479      -0.54269378861925066     
  0.10212976869130548       0.73588170143788878     
  0.67555488822867726       -2.4361037951332798     
 -0.43117947384681293        3.8773713404845062E-002
   3.3655097165513528E-002  -1.1653237042892002     
   1.6324786201386303       0.77435824427182254     
  0.56229183065485189      -0.27775706357969360     
 -0.90259503010822117        1.2322306917671657     
  -1.0670494923374274       -1.3798974142699254     
  0.33477288274788614       0.15962763134849053     
   1.1331483761421384      -0.36475297174160559     
 -0.22051260110069659       0.95117623185973121     
 -0.51360156829419279       -9.8480914671107395E-002
  0.79000904758447577        1.6556861851859850     
   9.4676238130613211E-002 -0.77487211717332971     
  -1.7087014890207970       0.49463256990456878     
  -2.0698329143281895       -1.5420154906774377     
 -0.15958643895308500       0.19327600164949277     
  0.73348819607524962      -0.29578372855687413     
 -0.63101159907702542        1.1052169260782434     
  -9.3917116917001664E-002 -0.22460914045661312     
   1.4047374794289789        1.9928110410002298     
  0.44961589074317893      -0.75938918219591034     
  -1.1330758478872160       0.57415401200364047     
 -0.75884387509490780      -0.60785213884954392     
  0.46014790898038499       0.83227784759513268     
   1.8824975868009277       -1.6254261598042110     
 -0.25341240324069397        6.3114747037786370E-002
 -0.36469710525632509       -1.1017334296361847     
  0.78328314992237069       0.34421148341086005     
  0.31719249089324619      -0.10052745352576965     
  -1.2248942045136662        1.3111110335225931     
  -1.2505553262191023      -0.29800458331484281     
  0.14892243262539670       0.91016581131659768     
   1.1182505663382105      -0.98625806774528635     
 -0.44331196597362038       0.35372164055457428     
   2.7868996792949460E-002  -1.8062631495162431     
   2.3414352052881853       0.33506046554376490     
  0.60889152561003002      -0.61852771877961232     
 -0.74899797204400909       0.73595861823843201     
 -0.87822251060824363      -0.79780064453923027     
  0.34525031077188273       0.46090126027518691     
   1.3942763821600241        3.2098256343657962E-002
 -0.19991048011916610        1.4013118250382182     
 -0.49815828243059812      -0.38057576195510273     
  0.67624547898894027       0.85710475468863523     
  0.23818954092093034       -1.2649418842037323     
  -1.2475367166572229       0.13233684776490195     
  -1.5157798828748543      -0.31250374316126439     
  -4.1148690467181066E-002  0.85638935701257135     
  0.93302543774218627       -1.1656050722547158     
 -0.51932071787367107       0.18928911858340880     
 -0.23823412689928763      -0.72410343585878145     
   1.3550683478997074       0.61581750629670062     
  0.48364615900091745      -0.12182005266774161     
 -0.52329280696296843        2.4327231788621630     
 -0.56818757216021010       -1.6184812513699314     
  0.58331315640523340        1.3217082539706819E-002
   1.8386817546305416      -0.36503226915584019     
 -0.24734141307382185       0.75569466515366135     
 -0.25507087764305630      -0.25202516445207074     
  0.91400479657623501        1.3075906416612135     
  0.29166700147643942      -0.86628312014776399     
  -1.2097165349410790       0.35289938274922833     
  -1.6084583631409874      -0.99983989896482828     
  0.18186728226152865       0.45862215268144413     
   1.0463822411640491      -0.16664677077733489     
 -0.43959737660736609        1.2507822624847638     
  -5.6752371609994072E-002 -0.68790382626728031     
   1.2085284289895049       0.82586410702441004     
  0.39976578458797246       -1.8504177884641100     
 -0.79308585743117943        5.3950301709299986E-002
 -0.98064167921456746      -0.28559911568588386     
  0.48403172917131160        1.4886555559833803     
   1.3374071175511091      -0.76860433678690698     
 -0.37407880473474869       0.64085468867938644     
 -0.74567276026415608       -1.3523379930458836     
  0.68227511957190468       0.17685128839201075     
  0.12412830326798946      -0.41419256497212731     
  -2.3144687922451022       0.57465901216513349     
  -2.2385130235403774      -0.81036572712463639     
   8.6647055170825271E-002  0.32597993078560306     
  0.83321877678204281      -0.15601392653423510     
 -0.66236695265185874        1.4072756853724240     
 -0.19509937707009739      -0.54429217051656931     
   1.0194925784264111       0.64137589183421306     
  0.46923989569465452       -1.4369951314657483     
 -0.89602912603387119      -0.11129557472375583     
 -0.69959971941791432      -0.11400715356329932     
  0.38274214099177062        1.7751699475508316     
   1.6374993773250952      -0.66100091506227454     
 -0.21240059979280396       0.57231941102394523     
 -0.43703035487789288       -1.3314002799634166     
  0.87246460886593746       0.16622139114318882     
  0.23905192855817886      -0.25724972186334588     
  -1.4236803981844419        1.0715965255041939     
  -1.1113607219063484      -0.47947661311261969     
  0.28896751273438553       0.78621738709283295     
   1.0358334848265478       -1.4865145255693011     
 -0.33306739100821192       0.22168443946449098     
 -0.11472564986995629      -0.85036632206457874     
   1.8284997065305317       0.47741240451557360     
  0.66242821920832529      -0.13845114126746050     
 -0.66424577614244362        1.8061711588116089     
 -0.77036351441270678       -2.4363350494469618     
  0.41226589062907393        2.4263507283092248E-002
   1.2151977128432372      -0.56131029058847337     
 -0.41277316460642610       0.82025319431825239     
 -0.41460892829976209      -0.23803457316915030     
  0.80004171296853388        1.0418111692824334     
   5.5741773649086154E-002 -0.94568673987430429     
  -1.4789614070601922       0.27392515093125525     
  -1.5888977572304419        4.9746764400974801E-004
  0.16196031853521850        1.1252693524863007     
  0.86095523036254251      -0.90331461585521178     
 -0.60027861684768280       0.35603750647028531     
  -1.3556237946068354E-003  -1.4286597315141922     
   1.2261283115085468       0.19576404132388414     
  0.42805597700331571      -0.58811230200120923     
  -1.0024029147597555       0.75928024640454350     
 -0.63321571066247306      -0.77288702392696107     
  0.51010318745492289       0.45919516323031562     
   1.8803751287553525        6.8177542198663453E-003
   7.9840590162612746E-002   1.5742254737834487     
 -0.33350385274007643      -0.40430557190452965     
  0.92249247746934271       0.86604732902332826     
  0.28117623090304428       -1.0577332904954766     
  -1.0287297701619473        8.3693222243185705E-002
  -1.3590029277605500       -1.2293115968127881     
  0.16687014849429035       0.17482511036519094     
  0.92545437486562698      -0.31711772514058678     
 -0.42039097262899272        1.0233317585059645     
  -9.2279704935593038E-002   3.7375623949669617E-002
   1.8291784748695814        1.5500486359495875     
  0.64892747699879949      -0.80762455483643869     
 -0.88120751415811871       0.56932791320336606     
  -1.0557877565257914      -0.68590217878907622     
  0.41376071903987871       0.62807820074447340     
   1.3532953598783581       -2.1069942668674817     
 -0.19183781708503678       -9.4811302301384848E-002
 -0.59456496938541725       -1.1257232814413771     
  0.60359707139275842       0.30313312195988851     
   8.5744746841567146E-002 -0.25357452442958667     
  -2.0709995446683105        1.1897957346382624     
  -1.8596983441580859      -0.24863192357370764     
  -8.4452232055354001E-002  0.68266784547377735     
  0.74746367145607040       -1.6697552834275771     
 -0.61925945825437545        5.1083580339059388E-002
 -0.29205035384473199      -0.90967488705269495     
   1.3948574597984853       0.36332091624031926     
  0.39152718507588297      -0.25959358029358698     
 -0.98789723320000966        1.5488630818346178     
 -0.90602086996009679       -1.1159647610408816     
  0.50228039331235219       0.15848204870012206     
   1.4277079165524784      -0.42287492054449816     
  -3.1857970478457086E-002   1.0552954892882762     
 -0.35504559477714798      -0.10270798592642463     
  0.82281492935566758        2.2460101836592155     
  0.28208693798282664      -0.66923054290376105     
  -1.3924069940003281       0.54346079463415187     
  -1.3245615051758224      -0.79104425599253947     
  0.22697465230698155       0.61668490763076356     
   1.1668820234748509        3.4181044411919943E-003
 -0.43646700884730466        1.5529580881678138     
  -3.3883552561351414E-002 -0.52329262912941121     
   2.1971553890272801       0.92072405308856020     
  0.70593405953068489       -1.3265147492884095     
 -0.70084155349213317       0.21735875825031745     
 -0.77739195961807195      -0.27880247073724174     
  0.41172294574500090        1.2002642427538546     
   1.5958614937178377       -1.0043675393747873     
 -0.34488765191018084       0.47467719414974774     
 -0.32861173035716978       -1.8787708218217878     
  0.76449245304287639        1.5336528087338697E-002
  0.11760372110476418      -0.59873869372312771     
  -1.6307413978923861       0.80962420347891451     
  -1.4711921178573777       -2.0302391373813942     
   7.4396531450604056E-002   5.6197381094592408E-002
  0.80177465125273129      -0.46941611956124757     
 -0.60702517559393077       0.88028515838101140     
   5.4033613135455270E-003  -8.4474494744058340E-002
   1.2370842872058889        1.4141926409738959     
  0.48434761563988049      -0.94958625817707176     
 -0.98846838099474577       0.37936569451348140     
 -0.68164372097071646      -0.43051155742917485     
  0.53265245037998366        1.0260366200195956     
   2.2468236702489892       -1.0296543435110002     
  -6.9654315466134209E-002  0.31672176680856046     
 -0.41421228214279660      -0.74809476146555431     
  0.94265335667216155       0.45004417848672151     
  0.24360059782648388        3.6001756664329677E-002
  -1.1919883987262008        2.1090809344255401     
  -1.3366282694818452       -8.6635497531219879E-002
  0.24288123623287561        1.3534669984316714     
   1.0296245399952322      -0.74886101731812660     
 -0.51718773818970321       0.51550768141588110     
 -0.21947120663526595       -1.2794279445796897     
   1.6079835963710938       0.19807609813118829     
  0.62223702067397402      -0.44480308335552354     
 -0.85335219691700326       0.93619144858705827     
  -1.1151071060611881      -0.97822118452593643     
  0.26197645428581628       0.30547798657323572     
   1.2573514896201730      -0.19586285897975717     
 -0.21956771476187614        1.1603037916574497     
 -0.57749586611027859      -0.57011178296410603     
  0.59749729064937673       0.64798095577376225     
   3.3458211501855564E-003  -2.4765947472206844     
  -2.5700923640756330       -8.5606188560438473E-002
