  0.59999999999999998        1.4281104822617685E-003
  0.59999999999999998        3.4512004741342750E-003
  0.59999999999999998        3.9806414058798367E-003
  0.59999999999999998        5.1378617167374685E-003
  0.59999999999999998        5.0409173848722233E-003
  0.59999999999999998        8.5308716687784170E-003
  0.59999999999999998        1.0696641583031408E-002
  0.59999999999999998        5.8506447169923703E-003
  0.59999999999999998        4.6387842596571360E-003
  0.59999999999999998        8.9939731558197344E-003
  0.59999999999999998        6.9694524135730518E-003
  0.59999999999999998        7.1943786939479004E-003
  0.59999999999999998        7.1173901432324271E-003
  0.59999999999999998        9.6213028002818390E-003
  0.59999999999999998        7.8699553278909207E-003
  0.59999999999999998        7.9359455210519236E-003
  0.59999999999999998        8.0979070738664838E-003
  0.59999999999999998        1.0371061391244663E-002
  0.59999999999999998        8.8827325267635260E-003
  0.59999999999999998        7.6588607177745516E-003
  0.59999999999999998        5.6289100442823425E-003
  0.59999999999999998        1.0956188713772352E-002
  0.59999999999999998        1.0203914268409164E-002
  0.59999999999999998        5.6296150596155670E-003
  0.59999999999999998        8.5059349328431288E-003
  0.59999999999999998        1.0321565319840520E-002
  0.59999999999999998        6.5572880335751371E-003
  0.59999999999999998        6.2856563732602844E-003
  0.59999999999999998        1.1324534806293585E-002
  0.59999999999999998        4.9307389409212199E-003
  0.59999999999999998        8.2063785047306048E-003
  0.59999999999999998        3.3207014455403083E-003
  0.59999999999999998        1.4720340523530773E-003
  0.59999999999999998        6.5256896379386475E-003
  0.59999999999999998        7.1756199974162271E-003
  0.59999999999999998        1.1756539346574613E-003
  0.59999999999999998        7.6826591249057330E-003
  0.59999999999999998        3.4373348953664618E-004
  0.59999999999999998        1.4354638365087879E-002
  0.59999999999999998        2.1631466659508547E-003
  0.59999999999999998        3.2710277378900088E-004
  0.59999999999999998        2.5269506492477944E-003
  0.59999999999999998        1.1311879303166350E-003
  0.59999999999999998        1.6793070184188963E-003
  0.59999999999999998        1.4199773705225738E-004
  0.59999999999999998        2.5025268663991795E-004
  0.59999999999999998        5.6904713895855608E-003
  0.59999999999999998        1.1848029776140301E-002
  0.59999999999999998        8.6836311236950792E-003
  0.59999999999999998        6.4260238344635567E-003
  0.59999999999999998        3.7737037992213729E-003
  0.59999999999999998        1.8181401239667494E-003
  0.59999999999999998        2.5706897555306973E-002
  0.59999999999999998        1.3305940217533063E-002
  0.59999999999999998        1.0782414902288373E-002
  0.59999999999999998        1.0244892426227281E-002
  0.59999999999999998        1.1702987506599705E-002
  0.59999999999999998        9.7068318102859763E-003
  0.59999999999999998        1.1306831738759016E-002
  0.59999999999999998        5.1441717051217140E-003
  0.59999999999999998        1.9203343166628528E-002
  0.59999999999999998        2.7468195272095208E-002
  0.59999999999999998        2.0666660855332530E-002
  0.59999999999999998        1.9044088352523580E-002
  0.59999999999999998        1.5595880801250850E-002
  0.59999999999999998        2.5595881099275353E-002
  0.59999999999999998        1.8854837921632672E-002
  0.59999999999999998        1.4270045547385202E-002
  0.59999999999999998        1.7753073113567552E-002
  0.59999999999999998        2.3123785665497998E-002
  0.59999999999999998        2.8443094540677727E-002
  0.59999999999999998        3.1161521926041047E-002
  0.59999999999999998        3.6301719987332781E-002
  0.59999999999999998        2.7175095462615317E-002
  0.59999999999999998        2.7788490369602847E-002
  0.59999999999999998        2.5968484623252408E-002
  0.59999999999999998        2.3896820529437868E-002
  0.59999999999999998        2.6296854836228789E-002
  0.59999999999999998        2.9783917699008455E-002
  0.59999999999999998        3.2583917126803641E-002
  0.59999999999999998        4.0593331000546407E-002
  0.59999999999999998        4.0853859620894717E-002
  0.59999999999999998        4.1419192772071511E-002
  0.59999999999999998        4.9019128521550215E-002
  0.59999999999999998        3.7066140967457528E-002
  0.59999999999999998        4.3066207292219438E-002
  0.59999999999999998        4.0201421932715142E-002
  0.59999999999999998        4.1037088334689997E-002
  0.59999999999999998        3.4220848974554130E-002
  0.59999999999999998        3.3526805717110086E-002
  0.59999999999999998        2.6524642460740822E-002
  0.59999999999999998        2.4082140622855519E-002
  0.59999999999999998        6.2861743378292978E-002
  0.59999999999999998        6.7821895921904130E-002
  0.59999999999999998        4.9369132624403456E-002
  0.59999999999999998        5.1073680087198703E-002
  0.59999999999999998        5.0758134144339273E-002
  0.59999999999999998        4.0976107680585905E-002
  0.59999999999999998        4.6176141713195840E-002
  0.59999999999999998        4.3983226145144272E-002
  0.59999999999999998        4.2436586722320868E-002
  0.59999999999999998        4.6856955966262603E-002
  0.59999999999999998        4.1464412501746928E-002
  0.59999999999999998        3.8027305335018191E-002
  0.59999999999999998        4.0427339641810001E-002
  0.59999999999999998        4.7634570133258336E-002
  0.59999999999999998        6.6617098667685504E-002
  0.59999999999999998        6.5558130325322317E-002
  0.59999999999999998        7.7958164036066258E-002
  0.59999999999999998        6.3841770089387850E-002
  0.59999999999999998        7.1714633294175378E-002
  0.59999999999999998        7.2567796030754472E-002
  0.59999999999999998        7.5747432854563534E-002
  0.59999999999999998        7.2299730974086707E-002
  0.59999999999999998        5.9696077783788937E-002
  0.59999999999999998        6.0652236716923547E-002
  0.59999999999999998        6.4252270523033950E-002
  0.59999999999999998        5.3062653486326994E-002
  0.59999999999999998        5.3462721253521472E-002
  0.59999999999999998        6.1375314474214626E-002
  0.59999999999999998        8.9323762007631480E-002
  0.59999999999999998        9.7723828523128553E-002
  0.59999999999999998        8.6066216641537352E-002
  0.59999999999999998        7.0601283500107748E-002
  0.59999999999999998        7.1401315494237672E-002
  0.59999999999999998        7.4326945636482122E-002
  0.59999999999999998        7.0943896584018340E-002
  0.59999999999999998        8.0943896584018127E-002
  0.59999999999999998        7.6650870519762826E-002
  0.59999999999999998        7.8929253688252210E-002
  0.59999999999999998        8.2129287959278763E-002
  0.59999999999999998        8.0288215264995522E-002
  0.59999999999999998        8.1488214764316780E-002
  0.59999999999999998        8.3770242955779395E-002
  0.59999999999999998        8.5370242884253322E-002
  0.59999999999999998       0.10034397151658325     
  0.59999999999999998        9.9203975849212256E-002
  0.59999999999999998        9.3415556094631036E-002
  0.59999999999999998       0.10041447739987852     
  0.59999999999999998       0.10159411237594451     
  0.59999999999999998        9.9165249589486137E-002
  0.59999999999999998       0.10996524776558392     
  0.59999999999999998       0.11130682671813741     
  0.59999999999999998       0.10723789874746448     
  0.59999999999999998       0.10074916799436995     
  0.59999999999999998       0.10196949939100630     
  0.59999999999999998        9.6000220957379589E-002
  0.59999999999999998        9.9200220516303617E-002
  0.59999999999999998        9.7811091203169553E-002
  0.59999999999999998        9.8211158970364032E-002
  0.59999999999999998        9.6765462038805872E-002
  0.59999999999999998        9.2959114517874752E-002
  0.59999999999999998       0.10015911538810229     
  0.59999999999999998       0.10132499349212853     
  0.59999999999999998        9.3388780893157275E-002
  0.59999999999999998       0.11096828656947810     
  0.59999999999999998       0.12204130866450491     
  0.59999999999999998       0.12204130955857551     
  0.59999999999999998       0.12978786580460078     
  0.59999999999999998       0.13018786742584698     
  0.59999999999999998       0.12400563097611350     
  0.59999999999999998       0.13280572935461077     
  0.59999999999999998       0.14014379990244308     
  0.59999999999999998       0.12094293852603322     
  0.59999999999999998       0.12374297057976857     
  0.59999999999999998       0.12674992673836005     
  0.59999999999999998       0.12874999413600641     
  0.59999999999999998       0.12026873390401516     
  0.59999999999999998       0.12226873396361881     
  0.59999999999999998       0.12197351965423930     
  0.59999999999999998       0.12397358705188566     
  0.59999999999999998       0.12135461959149740     
  0.59999999999999998       0.12455461915042410     
  0.59999999999999998       0.13635706953639470     
  0.59999999999999998       0.14515713201069858     
  0.59999999999999998       0.14521015542293192     
  0.59999999999999998       0.14353650769811122     
  0.59999999999999998       0.14395699778985893     
  0.59999999999999998       0.13912920185680466     
  0.59999999999999998       0.13576174989724787     
  0.59999999999999998       0.14336171827266497     
  0.59999999999999998       0.14427486719153837     
  0.59999999999999998       0.14587486682199025     
  0.59999999999999998       0.14979482964322077     
  0.59999999999999998       0.13958924023245967     
  0.59999999999999998       0.14118920693894843     
  0.59999999999999998       0.14397151234704886     
  0.59999999999999998       0.14517151244241688     
  0.59999999999999998       0.13225716254506903     
  0.59999999999999998       0.13465712951381725     
  0.59999999999999998       0.13011086803571192     
  0.59999999999999998       0.13569049908979292     
  0.59999999999999998       0.13111571719222948     
  0.59999999999999998       0.13471575099834077     
  0.59999999999999998       0.12968967981778867     
  0.59999999999999998       0.13813686636506084     
  0.59999999999999998       0.15611640599054510     
  0.59999999999999998       0.15169632554510315     
  0.59999999999999998       0.15809629203701547     
  0.59999999999999998       0.16228618000744000     
  0.59999999999999998       0.16281514068391179     
  0.59999999999999998       0.16721507508632616     
  0.59999999999999998       0.16093128901402753     
  0.59999999999999998       0.16213128940741761     
  0.59999999999999998       0.16686220415926911     
  0.59999999999999998       0.17286213998027300     
  0.59999999999999998       0.16678657361335514     
  0.59999999999999998       0.16678657391137808     
  0.59999999999999998       0.17098793932156919     
  0.59999999999999998       0.17418790655257865     
  0.59999999999999998       0.17245400042915549     
  0.59999999999999998       0.16308889774337221     
  0.59999999999999998       0.16668886421144347     
  0.59999999999999998       0.16093249845821500     
  0.59999999999999998       0.16331216257930947     
  0.59999999999999998       0.16587997938167476     
  0.59999999999999998       0.16590040915680948     
  0.59999999999999998       0.16724705549092267     
  0.59999999999999998       0.17524698839129904     
  0.59999999999999998       0.17070690855172543     
  0.59999999999999998       0.17908644860636258     
  0.59999999999999998       0.17695698728152465     
  0.59999999999999998       0.17775701659344634     
  0.59999999999999998       0.19121499765111682     
  0.59999999999999998       0.19196545215266703     
  0.59999999999999998       0.19356538593519357     
  0.59999999999999998       0.18525788623365536     
  0.59999999999999998       0.18781418851479703     
  0.59999999999999998       0.18861409030319098     
  0.59999999999999998       0.18801232887354047     
  0.59999999999999998       0.19212111465979564     
  0.59999999999999998       0.19212111495781770     
  0.59999999999999998       0.19233098210432154     
  0.59999999999999998       0.19473091644712959     
  0.59999999999999998       0.19355834073038469     
  0.59999999999999998       0.19475824056374780     
  0.59999999999999998       0.19128500019730232     
  0.59999999999999998       0.19208503248945430     
  0.59999999999999998       0.18721299536541469     
  0.59999999999999998       0.19180533712245484     
  0.59999999999999998       0.19540524221294753     
  0.59999999999999998       0.19276299130176699     
  0.59999999999999998       0.19636295776983825     
  0.59999999999999998       0.19130887314465728     
  0.59999999999999998       0.19250887264397765     
  0.59999999999999998       0.19258941832158882     
  0.59999999999999998       0.19694859254166808     
  0.59999999999999998       0.19469178776524831     
  0.59999999999999998       0.20429178733609366     
  0.59999999999999998       0.19849963866038678     
  0.59999999999999998       0.19969973514345707     
  0.59999999999999998       0.19892939712797286     
  0.59999999999999998       0.20214979562423263     
  0.59999999999999998       0.20125346044912185     
  0.59999999999999998       0.20125352361483806     
  0.59999999999999998       0.20618074317549429     
  0.59999999999999998       0.20492487445855190     
  0.59999999999999998       0.20732480611914994     
  0.59999999999999998       0.20829886394968700     
  0.59999999999999998       0.21389883077538485     
  0.59999999999999998       0.21155040347392173     
  0.59999999999999998       0.21197083338018530     
  0.59999999999999998       0.22074100312403289     
  0.59999999999999998       0.21768822626292295     
  0.59999999999999998       0.21928822857558217     
  0.59999999999999998       0.21996517646877844     
  0.59999999999999998       0.22356514293684970     
  0.59999999999999998       0.21442104073964341     
  0.59999999999999998       0.21437376000863750     
  0.59999999999999998       0.21479418395443606     
  0.59999999999999998       0.21339568224138716     
  0.59999999999999998       0.20873175799965793     
  0.59999999999999998       0.20995206064465677     
  0.59999999999999998       0.21260898439339826     
  0.59999999999999998       0.21460898445300280     
  0.59999999999999998       0.21649516337955266     
  0.59999999999999998       0.21809516330802747     
  0.59999999999999998       0.21266138980406524     
  0.59999999999999998       0.21469207352165487     
  0.59999999999999998       0.21585115507336194     
  0.59999999999999998       0.22899270819123529     
  0.59999999999999998       0.23899270848925802     
  0.59999999999999998       0.24006088156201688     
  0.59999999999999998       0.24604408851345916     
  0.59999999999999998       0.24764405492192232     
  0.59999999999999998       0.25135353715370812     
  0.59999999999999998       0.25375346881430794     
  0.59999999999999998       0.24759896061855713     
  0.59999999999999998       0.24625601215851223     
  0.59999999999999998       0.25227644330455234     
  0.59999999999999998       0.24341451357180866     
  0.59999999999999998       0.24581454549441251     
  0.59999999999999998       0.24222220622166279     
  0.59999999999999998       0.24175396417841633     
  0.59999999999999998       0.24215396430954694     
  0.59999999999999998       0.24151370947906692     
  0.59999999999999998       0.24231367741341003     
  0.59999999999999998       0.23734631938958017     
  0.59999999999999998       0.23774638715677376     
  0.59999999999999998       0.23747078124505538     
  0.59999999999999998       0.23907081379946948     
  0.59999999999999998       0.23603940297015225     
  0.59999999999999998       0.24043936940245914     
  0.59999999999999998       0.24240300632061107     
  0.59999999999999998       0.24520297491060727     
  0.59999999999999998       0.24022434109901969     
  0.59999999999999998       0.24462430753132658     
  0.59999999999999998       0.24265146853455200     
  0.59999999999999998       0.24425143494301604     
  0.59999999999999998       0.25735275100126564     
  0.59999999999999998       0.26053225732131668     
  0.59999999999999998       0.25863132215390472     
  0.59999999999999998       0.27183135493481636     
  0.59999999999999998       0.26295537918222678     
  0.59999999999999998       0.26855544299167278     
  0.59999999999999998       0.26880841397540944     
  0.59999999999999998       0.27200838299455654     
  0.59999999999999998       0.27218391102088013     
  0.59999999999999998       0.27616338825550812     
  0.59999999999999998       0.27441933033033372     
  0.59999999999999998       0.27761932899518893     
  0.59999999999999998       0.27636370999606630     
  0.59999999999999998       0.27796374165640891     
  0.59999999999999998       0.26752651233152580     
  0.59999999999999998       0.27474691035094789     
  0.59999999999999998       0.27454118727583232     
  0.59999999999999998       0.26904403788395914     
  0.59999999999999998       0.26904413784793935     
  0.59999999999999998       0.27053881503911636     
  0.59999999999999998       0.26553070766697395     
  0.59999999999999998       0.27033067393238852     
  0.59999999999999998       0.26939546005773796     
  0.59999999999999998       0.27019552527385482     
  0.59999999999999998       0.27356282662099396     
  0.59999999999999998       0.26691497719819157     
  0.59999999999999998       0.26773531263602202     
  0.59999999999999998       0.26919667309572404     
  0.59999999999999998       0.27079667242815120     
  0.59999999999999998       0.26846009262758486     
  0.59999999999999998       0.26966009480911524     
  0.59999999999999998       0.26962642760586419     
  0.59999999999999998       0.27000609226340000     
  0.59999999999999998       0.26911278735500499     
  0.59999999999999998       0.27271282116111539     
  0.59999999999999998       0.26854661587113959     
  0.59999999999999998       0.26974661537046174     
  0.59999999999999998       0.27461860152121620     
  0.59999999999999998       0.28779817309314648     
  0.59999999999999998       0.28714344278783255     
  0.59999999999999998       0.29274337966979935     
  0.59999999999999998       0.30021319342767061     
  0.59999999999999998       0.29409239674435650     
  0.59999999999999998       0.29889236330779312     
  0.59999999999999998       0.29744923116052302     
  0.59999999999999998       0.29786972125227074     
  0.59999999999999998       0.29509283281405541     
  0.59999999999999998       0.29707240071433993     
  0.59999999999999998       0.29721258058480871     
  0.59999999999999998       0.30121251485609069     
  0.59999999999999998       0.29853592517763605     
  0.59999999999999998       0.29893592679888048     
  0.59999999999999998       0.29726684005411119     
  0.59999999999999998       0.29806687204824112     
  0.59999999999999998       0.29717902173019439     
  0.59999999999999998       0.29997902145601163     
  0.59999999999999998       0.30073299045095414     
  0.59999999999999998       0.30313302505576623     
  0.59999999999999998       0.30119595612984718     
  0.59999999999999998       0.30399592471984160     
  0.59999999999999998       0.29565933338095185     
  0.59999999999999998       0.29589829347807584     
  0.59999999999999998       0.29789826061371816     
  0.59999999999999998       0.29912584167674616     
  0.59999999999999998       0.29990544419376608     
  0.59999999999999998       0.29551521545185100     
  0.59999999999999998       0.29873561394811077     
  0.59999999999999998       0.30068500803327591     
  0.59999999999999998       0.30290644251001364     
  0.59999999999999998       0.30328608050207428     
  0.59999999999999998       0.30286761435276599     
  0.59999999999999998       0.30446761398321698     
  0.59999999999999998       0.29769239163608052     
  0.59999999999999998       0.29929239543885444     
  0.59999999999999998       0.29642814172729093     
  0.59999999999999998       0.29788345378760717     
  0.59999999999999998       0.29986296001229018     
  0.59999999999999998       0.30285021449024807     
  0.59999999999999998       0.30520945032632429     
  0.59999999999999998       0.30236882221391514     
  0.59999999999999998       0.30796895157326354     
  0.59999999999999998       0.30775404879405421     
  0.59999999999999998       0.31571316400882132     
  0.59999999999999998       0.31036217767547303     
  0.59999999999999998       0.31036218035768215     
  0.59999999999999998       0.31228272469536211     
  0.59999999999999998       0.31866223623678014     
  0.59999999999999998       0.31833275642443315     
  0.59999999999999998       0.31833275731850286     
  0.59999999999999998       0.31228632184631078     
  0.59999999999999998       0.31590665343368141     
  0.59999999999999998       0.31577490709456590     
  0.59999999999999998       0.31897494136559335     
  0.59999999999999998       0.31802173682467938     
  0.59999999999999998       0.31842173844592558     
  0.59999999999999998       0.31966604638493568     
  0.59999999999999998       0.31970684217344125     
  0.59999999999999998       0.32334854382914990     
  0.59999999999999998       0.32694857763526119     
  0.59999999999999998       0.32182324497072212     
  0.59999999999999998       0.32582330914971802     
  0.59999999999999998       0.32667509797870675     
  0.59999999999999998       0.32745460619418676     
  0.59999999999999998       0.32658988574754222     
  0.59999999999999998       0.32618810581654678     
  0.59999999999999998       0.32596828057462535     
  0.59999999999999998       0.32718861197126081     
  0.59999999999999998       0.32843887176335507     
  0.59999999999999998       0.32883897215649061     
  0.59999999999999998       0.32334484992309065     
  0.59999999999999998       0.32416518476487610     
  0.59999999999999998       0.32706926818553672     
  0.59999999999999998       0.32826926768485531     
  0.59999999999999998       0.32310322043091233     
  0.59999999999999998       0.32670318689898092     
  0.59999999999999998       0.32424734661639221     
  0.59999999999999998       0.32506768205422176     
  0.59999999999999998       0.32729646835283077     
  0.59999999999999998       0.32731689812796461     
  0.59999999999999998       0.33277177099702104     
  0.59999999999999998       0.33397167530073180     
  0.59999999999999998       0.33678747678963994     
  0.59999999999999998       0.33594252651168777     
  0.59999999999999998       0.32933848609845029     
  0.59999999999999998       0.32933848788658970     
  0.59999999999999998       0.32829734721042581     
  0.59999999999999998       0.33149734676934983     
  0.59999999999999998       0.33565510392770381     
  0.59999999999999998       0.33914246177411211     
  0.59999999999999998       0.33994239887065358     
  0.59999999999999998       0.33710223935778050     
  0.59999999999999998       0.34190223914320228     
  0.59999999999999998       0.34083039667092763     
  0.59999999999999998       0.34123039590798854     
  0.59999999999999998       0.33618224399471508     
  0.59999999999999998       0.34538211203660207     
  0.59999999999999998       0.33957733652161970     
  0.59999999999999998       0.34037431636586390     
  0.59999999999999998       0.34075388433767273     
  0.59999999999999998       0.33525660970783555     
  0.59999999999999998       0.33685654349036032     
  0.59999999999999998       0.33798310902668138     
  0.59999999999999998       0.34318310745311731     
  0.59999999999999998       0.34381015543167059     
  0.59999999999999998       0.34661012402166413     
  0.59999999999999998       0.34467499511007293     
  0.59999999999999998       0.34589548427198835     
  0.59999999999999998       0.34939383653733813     
  0.59999999999999998       0.35061416793397537     
  0.59999999999999998       0.35075365973791861     
  0.59999999999999998       0.34839699495187837     
  0.59999999999999998       0.35081748629532505     
  0.59999999999999998       0.35482892195348636     
  0.59999999999999998       0.35484935172862020     
  0.59999999999999998       0.34712470104453352     
  0.59999999999999998       0.34792473333668639     
  0.59999999999999998       0.34883663361384887     
  0.59999999999999998       0.34927730439414439     
  0.59999999999999998       0.34747223336107247     
  0.59999999999999998       0.34947223342067701     
  0.59999999999999998       0.35179906098233715     
  0.59999999999999998       0.35257872547297886     
  0.59999999999999998       0.35261785532586121     
  0.59999999999999998       0.35339751951848175     
  0.59999999999999998       0.35497019459213419     
  0.59999999999999998       0.35974966732065017     
  0.59999999999999998       0.35962847380141483     
  0.59999999999999998       0.36398761539555657     
  0.59999999999999998       0.35881707528133777     
  0.59999999999999998       0.36281713320184572     
  0.59999999999999998       0.36172068546546132     
  0.59999999999999998       0.36247983571419784     
  0.59999999999999998       0.36305125882634748     
  0.59999999999999998       0.37065122481758017     
  0.59999999999999998       0.36793652713920011     
  0.59999999999999998       0.36368027144507042     
  0.59999999999999998       0.36410064056980485     
  0.59999999999999998       0.36419823189310918     
  0.59999999999999998       0.36619823195271373     
  0.59999999999999998       0.36801296362888980     
  0.59999999999999998       0.36843345372063929     
  0.59999999999999998       0.36736650216321820     
  0.59999999999999998       0.36776653551633487     
  0.59999999999999998       0.37244257534938718     
  0.59999999999999998       0.37364257544475432     
  0.59999999999999998       0.37360592601956011     
  0.59999999999999998       0.37680592468441798     
  0.59999999999999998       0.37658388848247792     
  0.59999999999999998       0.37778379040200427     
  0.59999999999999998       0.37810258998603530     
  0.59999999999999998       0.38010259004563896     
