  0.24930676521575101     
  0.17698004649712207     
  0.31429538862495443     
  0.30801103197466556     
  0.28177912257577964     
  0.23819102560914843     
  0.44440177420838517     
  0.21063669891993805     
  0.23561379255194520     
  0.25562677922333737     
  0.18176561127379998     
  0.33461423759137343     
  0.20189148181073871     
  0.19352333498431815     
  0.21764597767143365     
  0.21383090384645820     
  0.36789589763995578     
  0.25920560719002766     
  0.21046496451910662     
  0.26752603942483827     
  0.38658594736113056     
  0.40300766945505889     
  0.35332796800440164     
  0.34462502680203244     
  0.30445879755957478     
  0.22221610283509366     
  0.31533437387786256     
  0.34507687433759665     
  0.28018130514345180     
  0.28449473554533111     
  0.35172152913522570     
  0.38996499087358499     
  0.38963086686289922     
  0.30675541659417682     
  0.42106746671279238     
  0.49704609464714877     
  0.25270397067618822     
  0.45710545209466030     
  0.27003542925009039     
  0.18717175194620936     
  0.19971192822733741     
  0.19140028499741901     
  0.39547242981606257     
  0.29671689845945093     
  0.50323883468237385     
  0.23608000084610398     
  0.18178731848073457     
  0.21089906594332700     
  0.18401685567320050     
  0.28048859720674119     
  0.16896758847965959     
  0.21444995158808980     
  0.36406776536454721     
  0.29131366310289231     
  0.22945870756929576     
  0.27088837582821229     
  0.46601809549162959     
  0.16532908119735140     
  0.48148861124384323     
  0.16996553724233543     
  0.34917488003157549     
  0.25042257210674013     
  0.30952687054524702     
  0.43004504607941968     
  0.21205052852235060     
  0.43417827027898004     
  0.20001693431932274     
  0.30655241798406457     
  0.28598392676761120     
  0.20769754098361604     
  0.31052085046205713     
  0.38368991374648276     
  0.23504127579774869     
  0.23976149148229911     
  0.14365766252669993     
  0.31306764377980850     
  0.40049388303886091     
  0.37770465936668429     
  0.11127266746433244     
  0.46606209397071402     
  0.16804174424845511     
  0.24688721566515323     
  0.43721726684960421     
  0.17928411847306200     
  0.21219768697424657     
  0.25160737327697713     
  0.29656784711154333     
  0.21725092961204578     
  0.28024572821526511     
  0.16098195034185275     
  0.46906581857724672     
  0.40335385604916507     
  0.18814561144293909     
  0.43212764833862605     
  0.19561723997686020     
  0.20180488978996641     
  0.20554566753181866     
  0.24255629352197350     
  0.23048729160939521     
  0.27627318961076125     
  0.27533543711554848     
  0.43255046663395375     
  0.25531323095529818     
  0.23917605680236964     
  0.40161625304142501     
  0.27834563403088186     
  0.22910211566757083     
  0.40044953180558945     
  0.22906806897765519     
  0.34014305971055486     
  0.17694877836365608     
  0.40933662510128432     
  0.37769121861880417     
  0.19663730704162685     
  0.41475975523769282     
  0.20056527446966524     
  0.31686674490089312     
  0.18732437567091736     
  0.20913395078113073     
  0.16487074632327017     
  0.23827138571914863     
  0.25087181595940306     
  0.33676990053336792     
  0.20808542778475939     
  0.21646265584855731     
  0.25901154023104639     
  0.22422120295039047     
  0.27375888668389348     
  0.16295313884863319     
  0.39935075621048000     
  0.43455456525862124     
  0.24736505423934663     
  0.31346407832078893     
  0.20294462869981492     
  0.16945563542810560     
  0.29247405512559577     
  0.26660629860545471     
  0.21382804150452808     
  0.27165736477405611     
  0.38739250298506950     
  0.19498589859128437     
  0.20839781349498718     
  0.23274967996677753     
  0.18854710950035838     
  0.23542505307462291     
  0.41360105323119867     
  0.26018720160841791     
  0.42313094642039517     
  0.20193668620080313     
  0.36331118571170962     
  0.39160800716771421     
  0.24236094581487355     
  0.41307429225795511     
  0.37946117535527274     
  0.27871471635778244     
  0.36188148563723110     
  0.22056301424549507     
  0.29564937504791167     
  0.40051251039316643     
  0.43998594545005171     
  0.24119769736408911     
  0.19330023940587715     
  0.32088258514820250     
  0.36384765516551842     
  0.22009995164341298     
  0.51663128195871555     
  0.21530036369581165     
  0.39283958813134445     
  0.39491456971553823     
  0.41573270837795318     
  0.22174862900164952     
  0.22434973774410844     
  0.23073503739046319     
  0.24282196275426826     
  0.29371271570453705     
  0.24061409560306515     
  0.40117295006415149     
  0.23629179471654882     
  0.41556591431109402     
  0.20943301933256717     
  0.19547672276084407     
  0.29903163652320491     
  0.22100342082071520     
  0.40909696775877519     
  0.25265844553029820     
  0.16381237623848671     
  0.33897212705191909     
  0.48652739882032153     
  0.21330233645020344     
  0.26726044722336478     
  0.17939169055495527     
  0.26870493907116338     
  0.41838599501699869     
  0.28740778406960077     
  0.38409782731630338     
  0.24703455884445405     
  0.16297111187354435     
  0.38113587333921017     
  0.19452122510791919     
  0.35840235884995786     
  0.44319575234715169     
  0.35990717325991628     
  0.37101602322685118     
  0.24906128010067644     
  0.25647171662276519     
  0.24045342246392448     
  0.43622499727666997     
  0.21234817911725554     
  0.39626007992067430     
  0.21704505345291100     
  0.17594900651261425     
  0.20359394437796269     
  0.40890426289940190     
  0.45629675484709392     
  0.39735179712972790     
  0.45197401189176856     
  0.20200396332546461     
  0.18689103374138794     
  0.23822800486824022     
  0.24201923858638308     
  0.16635246032871204     
  0.38996107995859502     
  0.37251783666611310     
  0.21887536686388009     
  0.19030880688177662     
  0.23274735228253954     
  0.27830902343622255     
  0.19072960745389531     
  0.14508895945867509     
  0.29024020171620740     
  0.20736991721663894     
  0.41573270837795318     
  0.26160932143214122     
  0.23685948364451562     
  0.48136140362774149     
  0.39587346532035722     
  0.30227591641458396     
  0.19668436350611546     
  0.19394406126968547     
  0.30910219535343814     
  0.22637628910411040     
  0.22399111271594685     
  0.19359316386165493     
  0.20741142604384527     
  0.26816153827468175     
  0.26619652938640220     
  0.20816543189711445     
  0.25912060180688251     
  0.18187828072895218     
  0.18870484419517747     
  0.19632208556813407     
  0.21560697884633334     
  0.20387457646039484     
  0.28187730598405680     
  0.23030674835653778     
  0.27846597159602349     
  0.20545707532987409     
  0.22520562725800472     
  0.37249396852475675     
  0.18948171420048313     
  0.35032430213881161     
  0.32040159379394600     
  0.41806732173025279     
  0.26808619708392556     
  0.40920818665179748     
  0.25266734425262738     
  0.20781408959896977     
  0.20410786978557383     
   8.1917491463291761E-002
  0.40583219579504021     
  0.22551372730289987     
  0.22302060955852651     
  0.31657799111926060     
  0.29502730969203794     
  0.20796740954498039     
  0.34857844111047004     
  0.32983090773299889     
  0.25877020425586972     
  0.31891701538331774     
  0.16916558691372072     
  0.17380100871337478     
  0.41234822050376740     
  0.40405683577004958     
  0.25863907088669458     
  0.19761849998355152     
  0.21905492299828733     
  0.24930480992316689     
  0.18024212339405818     
  0.38922380032226833     
  0.43448817990087157     
  0.22747565835782838     
  0.18951068323528050     
  0.21036700747816223     
  0.18731678490784190     
  0.23765684608938045     
  0.23277669246886332     
  0.21621810252284093     
  0.21556989896005471     
  0.19188126353817983     
  0.28577275426764470     
  0.14979957872981250     
  0.26696263948159610     
  0.19629981663610682     
  0.40765848060783322     
  0.21173242187463806     
  0.24425628320346027     
  0.27263222846185198     
  0.27009917022606578     
  0.17611705474629882     
  0.18163655982072888     
  0.16306324184018062     
  0.20715253905013439     
  0.36670532112790843     
  0.20887995550096825     
  0.17972030275481174     
  0.35668081229999249     
  0.26966634479953544     
  0.39829709691784004     
  0.26623244794624451     
  0.22237949486353017     
  0.35656364990291894     
  0.23901472015769512     
  0.21163910410189327     
  0.33119621589151205     
  0.22969424871049890     
  0.22954497047968989     
  0.20049783543003355     
  0.17915356551724410     
  0.25143445407306014     
  0.24111130440362757     
  0.18992373013007011     
  0.19759089103457605     
  0.25427420809064333     
  0.24774575341334068     
  0.38558794949519914     
  0.40986757187628037     
  0.51663128195871555     
  0.33434905511329427     
  0.23386796405951554     
  0.19699474947974174     
  0.22095280516080973     
  0.22163413456726058     
  0.21908350188150510     
  0.20757124930656654     
  0.21987625522269821     
  0.36794321488110626     
  0.50352701631689645     
  0.25382821666302596     
  0.24372534325038767     
  0.25585105589224938     
  0.29030268283605148     
  0.16028359960357277     
  0.43455456525862124     
  0.20606866838359927     
  0.16918558309031698     
  0.27621233266836853     
  0.24796600322007228     
  0.26844262415427350     
  0.23198802600468768     
  0.36512256227289069     
  0.42983652501924874     
  0.26613409223514439     
  0.20761023863077743     
  0.22498003248467482     
  0.21025701511188355     
  0.15544588987104890     
  0.21043234702649946     
  0.20614455706646928     
  0.24629548410220997     
  0.24264202549906932     
  0.45055942907367585     
  0.30808470630775292     
  0.21999495535963090     
  0.34399861115881580     
  0.28855930886060055     
  0.25540072289216814     
  0.25074591812806801     
  0.41236431007198016     
  0.39751218280308059     
  0.14538213094049721     
  0.29246274270628964     
  0.20885446186562504     
  0.15275230834893647     
  0.22315108887318991     
  0.19104146062862770     
  0.24926235712329259     
  0.44239242246356342     
  0.44304720418049692     
  0.28675791872901119     
  0.20920912703461267     
  0.43826986236454857     
  0.22851589708036468     
  0.31537717458239478     
  0.24874401574957444     
  0.21745965425457153     
  0.20232012892177140     
  0.23152457451396460     
  0.18720661133003455     
  0.39492606323145979     
  0.24840561058891075     
  0.38006251400965385     
  0.19400388934083226     
  0.29816847783422362     
  0.26503779187801252     
  0.21513438999761336     
  0.33438605177807018     
  0.36225869493754764     
  0.20832062063073073     
  0.28593640500014827     
  0.43905922023077287     
  0.39567281044827923     
  0.23084399309634451     
  0.17882878245154335     
  0.22068839539208218     
  0.37529062366454602     
  0.28492317399689499     
  0.35617177118540716     
  0.38027849466421748     
  0.33444788678542736     
  0.16183003862655690     
  0.21665830554803084     
  0.28696907419746198     
  0.25362810078719866     
  0.22582202348511440     
  0.21722902532494259     
  0.22962159956401407     
  0.23208418706428330     
  0.24015842810951910     
  0.35835572937148669     
  0.28016068271411437     
  0.26454890740302989     
  0.39970402144959682     
  0.38402093546006660     
  0.39319375865901862     
  0.45211364395836806     
  0.18766550500283780     
  0.26995602247388245     
  0.28601095189151815     
  0.34167692553973283     
  0.20650981519242426     
  0.22252578021896480     
  0.24689317453455514     
  0.21443335774677025     
  0.29286934052987612     
  0.19125405229630668     
  0.42676310603285450     
  0.22264915559392079     
  0.25256959644075250     
  0.39171470547358256     
  0.19118123424282615     
  0.20163000916406429     
  0.22821574464549757     
  0.24964866881341796     
  0.24326454767610420     
  0.18330222747981392     
  0.25974117231667954     
  0.21678007193850216     
  0.21771500432978005     
  0.26527962897470758     
  0.24582087517497880     
  0.44392846354439514     
  0.19638345210893168     
  0.22022583761358505     
  0.37147162732586991     
  0.19743580162975846     
  0.18122768064504546     
  0.24553545647336469     
  0.20313650551038778     
  0.26170584658537632     
  0.24519865193517926     
  0.19709963250955384     
  0.22426419807213308     
  0.15517580738311099     
  0.38887883215151953     
  0.23079490017198123     
  0.40054007752590826     
  0.24016747174227382     
  0.26561042319414596     
  0.35104202163720205     
  0.23107127281942014     
  0.20149276412054803     
  0.21323768049334896     
  0.20090818675708028     
  0.21154501385667726     
  0.27329190539355552     
  0.17967368323594829     
  0.35908997417821975     
  0.40337821003483326     
  0.20538001253719360     
  0.47271727230984839     
  0.22691209770815676     
  0.17908201551496383     
  0.17101138523097567     
  0.23886896952414474     
  0.39504911017730981     
  0.39500871244740982     
  0.20291580445515536     
  0.22396359360587628     
  0.21013504281242579     
  0.25184707603299422     
  0.22392875721221864     
  0.19102017315215281     
  0.36535300065796100     
  0.26561042319414596     
  0.25240335035594014     
  0.24631830937293706     
  0.27560306846222526     
  0.24105634315186761     
  0.21722250444067706     
  0.25948006566730786     
  0.16406330472425409     
  0.25546620348109439     
  0.18140329011358719     
  0.22396156487324378     
  0.29792930528476469     
  0.23892707116383835     
  0.19267787180911869     
  0.22241474994871718     
  0.38681635702977674     
  0.20141677896593149     
  0.26328362434847236     
  0.28553176700932442     
  0.28536036060865094     
   9.5232873691994305E-002
  0.20536424248038787     
  0.19098725089563245     
  0.42986598304427359     
  0.23283849233392437     
  0.26461207118553443     
  0.34596505606728678     
  0.38288827747148202     
  0.29354790031655253     
  0.25364633511864437     
  0.28855757245993513     
  0.14837621876974494     
  0.29018814301127915     
  0.43514876778410144     
  0.21819329772491031     
  0.18575882884321546     
  0.14731444236988961     
  0.26505777937408642     
  0.21684354331957592     
  0.22544763823905481     
  0.38449432401030947     
  0.38738561375615155     
  0.23924967234166455     
  0.23523459241147296     
  0.38764949122915071     
  0.40807120495526744     
  0.20029242944744405     
  0.18113144930242708     
  0.22508701760055791     
  0.43661501240326833     
  0.20146517870635516     
  0.16373667015096721     
  0.39907160392550495     
  0.21396230730705623     
  0.25604401297056217     
  0.21151187459949233     
  0.40143094951144459     
  0.44746817536352568     
  0.25238976626325793     
  0.11598604242697473     
  0.18635852180944995     
  0.18509154290296703     
  0.23658611949209687     
  0.19905543906497911     
  0.22336854455092403     
  0.42404446593298512     
  0.43566996900455507     
  0.22884128243475399     
  0.21608157893312552     
  0.10690798564114305     
  0.21235266196806754     
  0.16460906530511757     
  0.21435639386271119     
  0.28249931522615956     
  0.26086018056872984     
  0.24391585060487497     
  0.22228285342886303     
  0.22961458580597488     
  0.39158007931004263     
  0.33673760504606343     
  0.26339233518439981     
  0.20462110880721743     
  0.17725804966341166     
  0.22082900026204261     
  0.23879938607157997     
  0.25660168864620692     
  0.29826610081919880     
  0.23151328472147487     
  0.22914057824589054     
  0.42404446593298512     
  0.28731976235110662     
  0.40631779715497884     
  0.26330475726496771     
  0.25484318714762011     
  0.26532335675949986     
  0.19907992316401235     
  0.34379621776669878     
  0.20961322151879239     
  0.13067915990714099     
  0.18225808192971965     
  0.16704450472822849     
  0.22437003402385802     
  0.38595449422365125     
  0.23505722472729168     
  0.20856931916554322     
  0.26347883319581633     
  0.21161217428232590     
  0.45980026356104914     
  0.24165671815577441     
  0.48404405983856330     
  0.21887806839648405     
  0.20812114212038132     
  0.23728711015216603     
  0.45629675484709392     
  0.29745936099329046     
  0.22479519456610828     
  0.42641449082480060     
  0.37137459586746113     
  0.49156427071561631     
  0.21314118238743091     
  0.18206565436829858     
  0.27482852046610051     
  0.43498324348535011     
  0.19026547404463467     
  0.27266227249538416     
  0.19777055675498820     
  0.28821750511410660     
  0.32870937336327138     
  0.27513236651702222     
  0.26469070208282652     
  0.22967023625349525     
  0.42850101902320364     
  0.22283092238519198     
  0.24370229963116541     
  0.19134300352507017     
  0.17515649969856162     
  0.24968408585203267     
  0.23621627186234773     
  0.21569175109346772     
  0.29645553086304410     
  0.26963386922398314     
  0.17191404308326669     
  0.26077658886310096     
  0.23545237599183583     
  0.37519427787951948     
  0.22691826613121291     
  0.37728783623075995     
  0.43462475299227188     
  0.19651512260701406     
  0.33042054443312069     
  0.20521701246806981     
  0.23256189525876544     
  0.23907623866129973     
  0.25644031894047292     
  0.18612905410384353     
  0.43190376206168485     
  0.26737009575728782     
  0.43750409571950610     
  0.27840067316724443     
  0.16405530552396064     
  0.24287636154486680     
  0.22766695619812080     
  0.21938453344589676     
  0.27314103925855565     
  0.40440045920340473     
  0.23649768716022207     
  0.21470247516266192     
  0.25688544539337643     
  0.22789582083569845     
  0.18950861705655639     
  0.23036983620686757     
  0.21396453995411394     
  0.38767878046802479     
  0.23125871384254454     
  0.41393574077278011     
  0.29637903025976364     
  0.40599225762678193     
  0.23406283335953784     
  0.20246389230339104     
  0.26536066863218044     
  0.25660528996251392     
  0.18014360150664793     
  0.32486085814427634     
  0.41266560419203946     
  0.24537056590599787     
  0.23541846869438326     
  0.31106387834303806     
  0.43830519566029102     
  0.40999828326138871     
  0.43661052712203396     
  0.20457202908573688     
  0.22356595588611741     
  0.23477622040331181     
  0.20512190166654842     
  0.18797137717702436     
  0.22269040695028927     
  0.17809174218690627     
  0.21237893479110717     
  0.43058582725079336     
  0.19936309349931408     
  0.20872528987578012     
  0.18519477550148511     
  0.27548330148008493     
  0.21765859493826217     
  0.23618495629047601     
  0.41309344330060216     
  0.17843770434949155     
  0.21957259641197796     
  0.19267395839344539     
  0.46234360205062214     
  0.21059219570589741     
  0.29567209226503799     
  0.27992056560022666     
  0.31688344664310292     
  0.38716055878853095     
  0.25411083841257748     
  0.24709418667952121     
  0.25394266516155456     
  0.18023718386176207     
  0.23478505557292184     
  0.39241507823931238     
  0.23785342976022197     
  0.17723002056403930     
  0.26548300947254588     
  0.21706324901559154     
  0.44663607314510545     
  0.45655177723623119     
  0.27050488147549367     
  0.38402725952458067     
  0.28557840363664438     
  0.37054733136607010     
  0.15043225868481500     
  0.19315552934912816     
  0.19965470507820385     
  0.41303153942593201     
  0.14711100738984634     
  0.38576390471542826     
  0.33193435049933284     
  0.22893367318784488     
  0.26563693307646669     
  0.22147945990317380     
  0.21623374418283892     
  0.18842405359775524     
  0.38515595432359789     
  0.19962395104641972     
  0.21878345512078204     
  0.19036625387515849     
  0.32911161298128955     
  0.24586998426389745     
  0.25546872093558765     
  0.23443914245629738     
  0.40053704730185408     
  0.28100300009344814     
  0.19567352739859498     
  0.24354653446640076     
  0.28724238367625043     
  0.27370209408353929     
  0.35386455187224525     
  0.21713770970146154     
  0.20591706997909942     
  0.22372413758552478     
  0.37730797595085686     
  0.24741297568145501     
  0.42654238633201180     
  0.17545660636378427     
  0.37979237576193642     
  0.22138066108913135     
  0.23202646296445253     
  0.27419727483394196     
  0.14626549395489011     
  0.25835458419616580     
  0.22449884225247019     
  0.26657560217528486     
  0.35482836634766923     
  0.22884668779527223     
  0.31254061410655248     
  0.24527517401621388     
  0.13336681235437209     
  0.23478162608812081     
  0.39917632714135642     
  0.26612404113478166     
  0.42392056673778955     
  0.21585642116863529     
  0.28817546780617187     
  0.40486519914675545     
  0.18674284617323339     
  0.40575423860244803     
  0.34115813874926193     
  0.19606992138848903     
  0.33405060546182080     
  0.20807053890574750     
  0.43772899300551882     
  0.22070464040796559     
  0.25377834624303985     
  0.39399488516135400     
  0.26673169497685978     
  0.18662907814568125     
  0.17545568010305743     
  0.36068070181901402     
  0.27854221658281647     
  0.44079246422872154     
  0.27174286222353700     
  0.25606934053402430     
  0.21434011991680921     
  0.20436698252629995     
  0.46289998528032927     
  0.31198595953035807     
  0.33424704216534173     
  0.22793234825731404     
  0.21057453494355680     
  0.19165232326122650     
  0.41795798329697398     
  0.26985707460388192     
  0.29834016899614618     
  0.34219250432783227     
  0.17467661392428380     
  0.37606900248134595     
  0.26848571628360945     
  0.16093338434952195     
  0.37199652085035850     
  0.19651398079511892     
  0.20653040816119952     
  0.25142548849968144     
  0.21990777413806245     
  0.22172852361400244     
  0.33167543777019831     
  0.37818044067984374     
  0.37575728756006777     
  0.38529867813936108     
  0.47607255646321667     
  0.27728577967509094     
  0.22958971371201223     
  0.18446154197814962     
  0.34944415766865949     
  0.28504037168112212     
  0.20126789069386228     
  0.32471739835360924     
  0.27541213786240787     
  0.24667911651228572     
  0.28564761302715841     
  0.20432798780469680     
  0.43062768721353639     
  0.24633123284197203     
  0.19344742693758113     
  0.20371979917573388     
  0.40893661323463926     
  0.18792155980727418     
  0.16318418483910227     
  0.18586542890216243     
  0.18269722964950766     
  0.24380710243296247     
  0.22140930103312820     
  0.41360870385921056     
  0.33698752760921280     
  0.22091213658230685     
  0.16570860074626748     
  0.48365261740500404     
  0.24450846426770198     
  0.27617890861253797     
  0.18331406722318994     
  0.17965618835756908     
  0.16670098724345214     
  0.41233050935003196     
  0.45715634198751715     
  0.39644652936429781     
  0.26758085591111130     
  0.25076108935141928     
  0.37513194226821367     
  0.28854224132729372     
  0.22702805479095597     
  0.38779788265919429     
  0.21119289083438159     
  0.37876742747228737     
  0.21020545917095396     
  0.21069594575576936     
  0.22826402850353794     
  0.41839350046631330     
  0.39449645437639386     
  0.27216369539749702     
  0.20955906097460161     
  0.22335699352087102     
  0.23513874105042232     
  0.23450563964784818     
  0.21184841900030441     
  0.24825770739295838     
  0.30761640254336753     
  0.26311155937988212     
  0.21245109033375140     
  0.22994716246633873     
  0.43646981394039025     
  0.23313445153101303     
  0.22547822223066280     
  0.25974420766759060     
  0.29595341675517622     
  0.19599373553931460     
  0.24175269122532250     
  0.21452334522215377     
  0.34863933345831538     
  0.23368824074369965     
  0.22045995477475602     
  0.24738596925134704     
  0.16844588152725043     
  0.25422461237200467     
  0.29222574487029279     
  0.27820422900331992     
  0.24864970976782774     
  0.37386985397544809     
  0.26618281775117625     
  0.41561866411972431     
  0.42639711885720977     
  0.36094691565608239     
  0.48708225435523050     
  0.20808166004996098     
  0.20955583540912209     
  0.22687949692751452     
  0.39539169302088195     
  0.27908125972996894     
  0.28101984706166083     
  0.29497671377122836     
  0.36601995320121772     
  0.24023478907578624     
  0.21558506782471978     
  0.37276256010640424     
  0.38738561375615155     
  0.20238060359693222     
  0.38990544592559073     
  0.26187358252773774     
  0.16522974393764120     
  0.26506486836634108     
  0.25980421238999574     
  0.21746746859075930     
  0.23047716412122241     
  0.15707885672707225     
  0.34674293155629504     
  0.26510151930257897     
  0.17691291944206000     
  0.37670104623201367     
  0.25178666189075716     
  0.25734539553727109     
  0.31332663108912440     
  0.17658653589320383     
  0.33152503534658168     
  0.44096901572474184     
  0.26572319688212531     
  0.38751829723222198     
  0.29293894601349757     
  0.20332116520611687     
  0.28691351703518586     
  0.21532555401566103     
  0.26102718330504288     
  0.15356332638917408     
  0.25207763626541746     
  0.35964665256173850     
  0.18915521898096915     
  0.33421999510179234     
  0.18675147904693989     
  0.17995224528195733     
  0.19048760660286146     
  0.20613995129427162     
  0.23810381022356877     
  0.25829828313911657     
  0.42998970872078024     
  0.16757831732909403     
  0.30063193522983300     
  0.26904522293205768     
  0.34122467901599468     
  0.40108624022899109     
  0.21178258992066995     
  0.34633968005753640     
  0.33911265000974400     
  0.19740055442900464     
  0.42496486906320924     
  0.21137989254074024     
  0.23451447157064409     
  0.23092620728270494     
  0.18868560139084517     
  0.22254115886069767     
  0.35305139763091498     
  0.20663912901330733     
  0.29618162981164092     
  0.41412471697924108     
  0.48469542856259851     
  0.21109465971600022     
  0.21832967982195961     
  0.22694361090095153     
  0.40639944346592943     
  0.23220390403512733     
  0.22668343614420436     
  0.30693576366756409     
  0.23233231798823223     
  0.25594916679930513     
  0.22835197729660978     
  0.19575909272577438     
  0.23080581520747970     
  0.20544071333406466     
  0.25574255421332720     
  0.22782863697049410     
  0.29034781227729839     
  0.39050993778846904     
  0.38512135413959997     
  0.14816290305828417     
  0.21442602223179114     
  0.22155877622530368     
  0.24519119946668924     
  0.17928828241394301     
  0.26578729796411510     
  0.30135153032290579     
  0.17896120647798014     
  0.27323550719300671     
  0.20308496065250714     
  0.33110279191318204     
  0.22632029769408851     
  0.38067824374474091     
  0.24880896858243023     
  0.22729684798156180     
  0.21697065005083785     
  0.25815796935712143     
  0.38900347852839451     
  0.21012539169703240     
  0.23170525814603679     
  0.41838599501699869     
  0.27083565591821873     
  0.16261153232590572     
  0.38060359766358970     
  0.42524933396050257     
  0.33312364260949712     
  0.22827333053318097     
  0.22879746593268369     
  0.31944408805846025     
  0.35125794843065300     
  0.42547207928973096     
  0.22221610283509366     
  0.15935601066259189     
  0.26327527714246057     
  0.19565538575871430     
  0.20153337513475478     
  0.18224198689458521     
  0.34612934483226415     
  0.29442856795177830     
  0.28464773643470714     
  0.40262021816761867     
  0.23063232803382602     
  0.17631756817945352     
  0.28609564645832658     
  0.25547291602236466     
  0.40664053247284077     
  0.24030791831495646     
  0.42531431718958168     
  0.22153104320374883     
  0.20154644008844358     
  0.25764151130157947     
  0.30038671397952699     
  0.36557872294356375     
  0.28617904624574664     
  0.17874897195071476     
  0.33768021561012651     
  0.49156427071561631     
  0.22767695963495155     
  0.20825410067046027     
  0.18535442835536051     
  0.23786726606001504     
  0.41687625681675972     
  0.20425738757849338     
  0.27887930348197615     
  0.33969575179558353     
  0.35392938941784907     
  0.17627168990343228     
  0.28345276239583628     
  0.47603642096515275     
  0.37576905915186232     
  0.24584602695974239     
  0.39297213247826734     
  0.23779434438619018     
  0.34963445822608008     
  0.36574713146364324     
  0.22448312367164011     
  0.38197815609109342     
  0.24611298021367478     
  0.19174853870854752     
  0.21650849928363272     
  0.21889995549381716     
  0.18872726434556478     
  0.21248758087290051     
  0.22823079044670286     
  0.38368991374648276     
  0.20244123940250350     
  0.31734128041199000     
  0.14203076277131932     
  0.32043253687251277     
  0.27018915453449494     
  0.25326947323222021     
  0.24641603967793813     
  0.21055100697725343     
  0.20981077705372908     
  0.25599933180805695     
  0.19462775495738063     
  0.14307589420443353     
  0.19293035118425111     
  0.48604148916013479     
  0.32665837214091842     
  0.20133403379271025     
  0.20695861722557682     
  0.24497794232816436     
  0.13684309140243611     
  0.28800239842350472     
  0.41392471020939792     
  0.37081948502698164     
  0.27327074069326157     
  0.31278726512282373     
  0.25129783248180437     
  0.23565749164579214     
  0.21126870340918802     
  0.18976121499205317     
  0.13751268535617650     
  0.43001356040863936     
  0.26223915638212497     
  0.40807120495526744     
  0.18974177307689641     
  0.30492122286592815     
  0.29931508866366463     
  0.24951639557771729     
  0.22736112923156329     
  0.40326347162912446     
  0.46006939499604493     
  0.22281368723078712     
  0.18314091844482247     
  0.34733057231571091     
  0.27045765441424119     
  0.41555750021708715     
  0.36821547463942184     
  0.24469215757597670     
  0.24587011314927606     
  0.40160617180499786     
  0.28255835416597247     
  0.14470288804161024     
  0.21945347694059367     
  0.16018734534812101     
  0.18694271975530968     
  0.21670753816606148     
  0.22325314539832827     
  0.26651335269744630     
  0.23462670013577400     
  0.42847291852446884     
  0.26886098324757779     
  0.40538531547376305     
  0.27489923091964080     
  0.24817729580845369     
  0.36719503797435471     
  0.21612275566310943     
  0.16215256226201366     
  0.29734748282000978     
  0.25102819126424619     
  0.19465976847973165     
  0.22148681785898006     
  0.39627247494097212     
  0.32379605655413729     
  0.34944782623915244     
  0.23226023718091091     
  0.22045670955756608     
  0.19689331875971877     
  0.22070679885144764     
  0.20483775679398111     
  0.21088607948188459     
  0.24291755923931541     
  0.31162495662555217     
  0.29380090135186965     
  0.25269254255803270     
  0.26732052997575034     
  0.21665150395600066     
  0.15940503409981954     
  0.19522550589424154     
  0.26682834583121540     
  0.30549916302604202     
  0.22131045364399898     
  0.31414183744431112     
  0.22329440766877706     
  0.32088134699546089     
  0.22893428815835790     
  0.37728783623075995     
  0.20782255054905280     
  0.26482722533050418     
  0.20691176137906833     
  0.19852111369416603     
  0.35008424794611054     
  0.19558152335823362     
  0.40851189606367982     
  0.18779147132927299     
  0.21302008864744368     
  0.43417827027898004     
  0.35764203919643955     
  0.47202895714142556     
  0.20672049652617214     
  0.21112718889902404     
  0.17554789323821315     
  0.23842125582408691     
  0.23555205228106044     
  0.21129472750544123     
  0.16694831917316819     
  0.24968895294503982     
  0.27486334915231958     
  0.24036399235247524     
  0.21880843249840606     
  0.17027675832545516     
  0.22063356235398660     
  0.27870703365080612     
  0.18322515437081707     
  0.20961773223186272     
  0.32212577483391208     
  0.27234176050552444     
  0.15138414965752367     
  0.20765295540686807     
  0.23863729490580754     
  0.20086552345113423     
  0.41749085049259993     
  0.22312764271570823     
  0.49293545235618969     
  0.27964903350706355     
  0.19955426288350250     
  0.29342414517311932     
  0.25609700885269210     
  0.24286839854864839     
  0.23544812120823685     
  0.40286488097791434     
  0.17551702596198906     
  0.17809323165732324     
  0.27795280001193490     
  0.38382610913128684     
  0.27428906177181722     
  0.37346821172588540     
  0.15346224167273312     
  0.25883307437345143     
  0.29934533191261670     
  0.19977390259479338     
  0.15210304089144597     
  0.19372053051324920     
  0.24055534291330452     
  0.20420882963787937     
  0.43704681712015259     
  0.20684553351265045     
  0.46815006710246643     
  0.21569318821347977     
  0.22081164587719940     
  0.36921962986169327     
  0.14992562758577602     
  0.21407232968348952     
  0.22838009885141106     
  0.40910706785959799     
  0.14829066885955974     
  0.41561866411972431     
  0.31365102712040016     
  0.25705746913375332     
  0.21925004933876849     
  0.18740015339775196     
  0.19089115252896005     
  0.32204693791486577     
  0.24424204376168179     
  0.36445789748241908     
  0.48182408099340007     
  0.21289512483957276     
  0.39805847075611367     
  0.18966486891409248     
  0.20419692827932881     
  0.35480341031405033     
  0.38627604431495149     
  0.23082678383535232     
  0.22854224271926743     
  0.19455727034480788     
  0.22821154793952736     
  0.21926930665641622     
  0.23400693808760450     
  0.37070176746439282     
  0.19043945162170980     
  0.37507083247692563     
  0.18227482618152757     
  0.20428620665771671     
  0.45701924360520729     
  0.39339118584634974     
  0.33987345551216297     
  0.19301889645566589     
  0.20976211876478332     
  0.25679682414581928     
  0.45211364395836806     
  0.24528754564620758     
  0.42847291852446884     
  0.38320243145125332     
  0.21395029336173690     
  0.32079854000785463     
  0.23407524988559331     
  0.21257489082600983     
  0.18739283941981685     
  0.16235971956059383     
  0.34614894426687648     
  0.24895355346606621     
  0.14608193800536781     
  0.28104350244999537     
  0.23243618698529123     
  0.23279762179674593     
  0.25678504795905965     
  0.38497826056517304     
  0.22932761207126529     
  0.26792786918639111     
  0.23169913221363980     
  0.17383252464271856     
  0.24526494581775019     
  0.14522993957702393     
  0.19630287279657024     
  0.25746528538735258     
  0.16861144754367383     
  0.21309913997211355     
  0.28610899431311504     
  0.26241297634117244     
  0.43750409571950610     
  0.41937864408065029     
  0.33412114321071357     
  0.20928926580765284     
  0.22011443172284353     
  0.40544933334343719     
  0.19615175604732882     
  0.18776552214420983     
  0.34462704261700472     
  0.26515487307375829     
  0.47468348442533320     
  0.34753993360137975     
  0.41073610144787942     
  0.23730048378951527     
  0.15740513577930865     
  0.19119031424914087     
  0.22253258221774705     
  0.19581529092549171     
  0.20326006698877735     
  0.19423498956562507     
  0.43842599960883050     
  0.23860003406133920     
  0.39856820734615733     
  0.19661796918491500     
  0.25739131487066930     
  0.13635052185896271     
  0.35946705877488222     
  0.25472525555957221     
  0.24346858564528359     
  0.46662250421972251     
  0.23913065829259372     
  0.22338755724452372     
  0.25382235777543388     
  0.44896112075748507     
  0.35225629714563128     
  0.34665648238165248     
  0.21354810323415310     
  0.29862082599156087     
  0.20181233279677219     
  0.22980540635590793     
  0.25974577366870671     
  0.20750303885638297     
  0.17986632593038235     
  0.45949317634538078     
  0.37080466823278896     
  0.31104301551139635     
  0.41669939402339018     
  0.28590230882210982     
  0.22861017025623420     
  0.39905503053391750     
  0.22532548692658413     
  0.39679759806086845     
  0.33914705814240503     
  0.34341532098611693     
  0.32387307076083061     
  0.21943003845235379     
  0.18276864318313291     
  0.47243091225444339     
  0.28442915796935081     
  0.30897165729873632     
  0.21896827453322726     
  0.41945370910768698     
  0.23218254301982627     
  0.24131131277299719     
  0.13760667239480839     
  0.19431631805206040     
  0.21988859507642453     
  0.19336714737546179     
  0.20356569755859230     
  0.21845136128169859     
  0.34735619190724776     
  0.18926451572899192     
  0.40987965500081747     
  0.34942685687160141     
  0.19679719875304588     
  0.14913539052004982     
  0.17410561669280442     
  0.18412272622525561     
  0.18848382558680646     
  0.26541546337792210     
  0.39839785149481749     
  0.19783112648496370     
  0.17045993666872572     
  0.21215554096908143     
  0.17031031117329115     
  0.38242236246332262     
  0.32382364831689026     
  0.25641225776537951     
  0.47352661753586717     
  0.37526669442937888     
  0.25177688904332940     
  0.21934498163703828     
  0.20406103245562013     
  0.25736005152724462     
  0.14656078189890148     
  0.34146811145444655     
  0.24456197866035831     
  0.24569838030287702     
  0.25927573084980127     
  0.23733776021887201     
  0.20916375924686242     
  0.25235628815933270     
  0.18849287251067195     
  0.37005808652535771     
  0.41120823471151580     
  0.41795798329697398     
  0.23212731965486880     
  0.41338316567353456     
  0.43679842662284080     
  0.21171129870981142     
  0.37004962773371741     
  0.42696903444571194     
  0.22777260970385868     
  0.42059001770903420     
  0.21391140142334611     
  0.42644008947348366     
  0.30931936572711183     
  0.16670342558392062     
  0.20907712611262247     
  0.25587543996705925     
  0.37654394646587530     
  0.18110517190029810     
  0.37380382217164865     
  0.41736081965835042     
  0.45101656565480225     
  0.46174180818495864     
  0.20459791342629824     
  0.36835744425496675     
  0.22302455224943740     
  0.21862792767074407     
  0.22999284131274669     
  0.26142908482881583     
  0.42994838536888680     
  0.20419324975536957     
  0.37389731560169448     
  0.43480241548064913     
  0.19531790842960550     
  0.19975607887534025     
  0.23011681157725999     
  0.36587504698367473     
  0.32037890577911010     
  0.45197401189176856     
  0.16440552942128400     
  0.37562963587871934     
  0.29311246383067285     
  0.38702687479374071     
  0.19113963081766513     
  0.25716719597158272     
  0.33563543433181037     
  0.37575829247525278     
  0.40265706317518113     
  0.38669216752712915     
  0.24203980134257350     
  0.23356616298995414     
  0.16163182371904733     
  0.18598972460740337     
  0.21371958498820551     
  0.24071021238569057     
  0.28280715112173166     
  0.37695688811084410     
  0.21614760555404960     
  0.21590071180344261     
  0.40465354276556220     
  0.21416597002417861     
  0.20952340192210384     
  0.20820394893318156     
  0.23203533653445751     
  0.42271240910965302     
  0.24127538360342801     
  0.37470227340368306     
  0.16497229665075999     
  0.36792895309313411     
  0.45206707162322540     
  0.26356421432791916     
  0.24346177730673599     
  0.42197359177582439     
  0.20369793369386627     
  0.20769711080177625     
  0.21571355290309840     
  0.42324871091085842     
  0.18848869974909407     
  0.37846823627545456     
  0.16747184925007064     
  0.19596387071939259     
  0.19755377178969147     
  0.23987688193918819     
  0.36400717351813738     
  0.21597695468980790     
  0.35664260814754500     
  0.19281623832997766     
  0.21931408371453592     
  0.24785968982533119     
  0.20508394569184135     
  0.36129157980446408     
  0.38955763120406223     
  0.22222883386301068     
  0.21402945070883098     
  0.29607548101030617     
  0.36406776536454721     
  0.26147459648923577     
  0.15883822772540140     
  0.32785953448901695     
  0.18505607596686863     
  0.40732757452889767     
  0.21631172032909396     
  0.22214237758172478     
  0.20221528024740901     
  0.17411302182402830     
  0.48148861124384323     
  0.17493732889153168     
  0.19419498340911823     
  0.25169738605094599     
  0.45980026356104914     
  0.24873024227244067     
  0.37108085886029474     
  0.25246028583396346     
  0.15210443926187067     
  0.28942466002726880     
  0.32827538652297439     
  0.34227799504474476     
  0.18632095151561057     
  0.23192381804728610     
  0.22685023190068071     
  0.24680609270973025     
  0.19312719892916519     
  0.29629948917139654     
  0.21794841025305103     
  0.23912507152423740     
  0.16953732286881557     
  0.32074285086848986     
  0.18072244574818108     
  0.23519960094013717     
  0.22202585404890987     
  0.28964790297324317     
  0.29225101419190191     
  0.45359740609174742     
  0.38781051120703997     
  0.21215309586680126     
  0.43089940818079764     
  0.21102337819679270     
  0.27173418184700560     
  0.38317483034353328     
  0.19007270502993978     
  0.37081948502698164     
  0.25061115385227234     
  0.21217193804330828     
  0.20900121353746304     
  0.26024351110829053     
  0.23946458607550855     
  0.42642248996220661     
  0.39311069787636249     
  0.23079738273020239     
  0.15174329339237969     
  0.26378846838129399     
  0.28556003144223152     
  0.38076938333331539     
  0.28254640255273467     
  0.37172660178660932     
  0.21347958041697063     
  0.45037059768420862     
  0.20022433559417116     
  0.29627338864383163     
  0.38592466800328906     
  0.25825580982234375     
  0.33962668894134840     
  0.29352848058746461     
  0.44584174928212134     
  0.18969150868132725     
  0.22948567819877691     
  0.13373967809398432     
  0.22980767477103603     
  0.19976994189242681     
  0.39581226745894432     
  0.29861645243556195     
  0.19442839858614019     
  0.42807680450905949     
  0.28982180599514451     
  0.22380260014548253     
  0.25894030394828121     
  0.39767371896643872     
  0.17625084857357720     
  0.21799042934574026     
  0.18320102289561563     
  0.37936158871809289     
  0.30926784322408168     
  0.37159408152541318     
  0.19971200218373283     
  0.21260973840335365     
  0.44064582813568098     
  0.42587051509184642     
  0.42108521818292394     
  0.27800136912493151     
  0.37282631692976226     
  0.39339118584634974     
  0.25936845335782938     
  0.38923367719769297     
  0.25758897945957510     
  0.48926336764363254     
  0.37116890189839380     
  0.17285305488567876     
  0.23974667661659521     
  0.38856200147479930     
  0.20524537367411980     
  0.31227713410997371     
  0.38568658834241792     
  0.26532594817214039     
  0.40549597320749148     
  0.21973110448548841     
  0.21804539066141171     
  0.21560511031458035     
  0.11966302939703892     
  0.16975731173885969     
  0.20919522174977526     
  0.22887432197445026     
  0.23701503773107402     
  0.30884669738759257     
  0.24357654668800327     
  0.33591829559817910     
  0.38413731961155573     
  0.40811367181431324     
  0.17945583576643176     
  0.36713152587457670     
  0.19850235740916899     
  0.36254244214146530     
  0.44946455103280397     
  0.28264997123608476     
  0.35716751047305734     
  0.19314486513178150     
  0.23568995696740133     
  0.27433218194002712     
  0.27657047590040473     
  0.43283210658907845     
  0.15714459743084833     
  0.19302325540372176     
  0.37122793568196844     
  0.24058501076563019     
  0.35842380281516950     
  0.32025724632054520     
  0.29318893982809852     
  0.21358826133913025     
  0.27018845051033252     
  0.25390032773002646     
  0.25975869605902752     
  0.29634070736479506     
  0.19298723574246704     
  0.13660255543096794     
  0.45934222296327892     
  0.40770939090466007     
  0.21386272389898248     
  0.38593914151359149     
  0.21846023595582093     
  0.24046919369952788     
  0.21506195216720705     
  0.24736720428583864     
  0.19098120003449942     
  0.43905922023077287     
  0.39474513762605068     
  0.23609637304750991     
  0.27807657001174008     
  0.17581650973903307     
  0.20311876831068229     
  0.32395411009579478     
  0.41669706589477074     
  0.24575427528194291     
  0.18220109469798246     
  0.23598877751975536     
  0.18830314710674506     
  0.32794407806968678     
  0.39863269815092889     
  0.23960948208472771     
  0.34485326581125059     
  0.18068833415953675     
  0.48455560940757381     
  0.28797443850992022     
  0.36647997812642558     
  0.20425484122049362     
  0.40117295006415149     
  0.23113029267947593     
  0.24525241592495681     
  0.38613942973689874     
  0.21572451240498600     
  0.29935010914304622     
  0.18405293453378507     
  0.28875285573789061     
  0.40031181895918799     
  0.23450973178448190     
  0.16829092463467371     
  0.38207032495806548     
  0.23382842119311856     
  0.31872374492525068     
  0.47271727230984839     
  0.34105349703299098     
  0.32157240669805714     
  0.39173874184691559     
  0.18575301314128939     
  0.22464416516718083     
  0.24335159256572195     
  0.26972342477743516     
  0.31239093271785745     
  0.34416626541791273     
  0.19827532616950716     
  0.34279681382398336     
  0.30013174355062189     
  0.45829492077768291     
  0.26377044775052977     
  0.35605122566031494     
  0.23414996332875643     
  0.18134766738391656     
  0.21803092821610684     
  0.20310358182904120     
  0.30688316564158796     
  0.43644449042260486     
  0.23260086367074931     
  0.41697528380965959     
  0.21002683406500919     
  0.39158216987474864     
  0.19662509192178282     
  0.15325698105677385     
  0.18135796948318081     
  0.37925543414607360     
  0.47468348442533320     
  0.15577900712314388     
  0.23586424385603680     
  0.32635087440218175     
  0.46125957109834276     
  0.16433465261007033     
  0.20135771907616692     
  0.21894695187366900     
  0.39214220778179454     
  0.15838104114499013     
  0.31113321879504474     
  0.16095423094984107     
  0.34191812576252617     
  0.21123942844931318     
  0.24023246927122682     
  0.37942119104431660     
  0.23442033933771431     
  0.27021761452106352     
  0.23560272300730933     
  0.29684489409893866     
  0.50352701631689645     
  0.21176191910450659     
  0.40530563839444017     
  0.40672025879631746     
  0.19717408825323612     
  0.45101656565480225     
  0.19367551010682837     
  0.37142192287149989     
  0.22323469873429858     
  0.20440195061347013     
  0.39655571516710092     
  0.36200587068945955     
  0.19483443620599444     
  0.24531738991898205     
  0.23659099451325924     
  0.23435976311643616     
  0.36261181043965807     
  0.40823497135481984     
  0.26420328234866047     
  0.25607302089350514     
  0.27256058028234093     
  0.37307654396190559     
  0.19629501005907674     
  0.37310315460345517     
  0.32298225635726480     
  0.24247876022802090     
  0.17855784940122654     
  0.20716582472723583     
  0.17484481870632587     
  0.42742297203851032     
  0.39563871418641938     
  0.22725386255556598     
  0.23921404642924721     
  0.31033802937982691     
  0.21247778797663949     
  0.20504264425524005     
  0.20842465507526434     
  0.40468200276543842     
  0.20814169439947891     
  0.22912301339082414     
  0.24856525694527348     
  0.22124827130600358     
  0.25932728464495325     
  0.41209002547248269     
  0.19376441259247396     
  0.20926387150818959     
  0.24363790786213799     
  0.21506243298400801     
  0.15598980167470777     
  0.22776296100058205     
  0.32633086852166576     
  0.44878698878593970     
  0.35575128109137183     
  0.22113075628663420     
  0.37695688811084410     
  0.24159961568358790     
  0.22080267782451293     
  0.29712676794013482     
  0.20463883186850693     
  0.18198540136795630     
  0.22668472235886569     
  0.21846278153949619     
  0.19644949074750961     
  0.20065320670722492     
  0.25072788079580577     
  0.37177631193227029     
  0.23213580910235879     
  0.31317069083633364     
  0.17701566118870979     
  0.19324365110961350     
  0.23942334608415605     
  0.17008287950841694     
  0.39713768510356645     
  0.20900433362387727     
  0.46606209397071402     
  0.26333203198816491     
  0.33241091883432339     
  0.21866461477957766     
  0.47202895714142556     
  0.35652689658601328     
  0.23611122345847585     
  0.20266805634124227     
  0.46579952389580953     
  0.25130755896274670     
  0.23666934717598997     
  0.21952581047527547     
  0.26987436551958538     
  0.19751122648751371     
  0.46549845768224624     
  0.19344955968040517     
  0.23929872639305405     
  0.23403273882048137     
  0.22543402886749001     
  0.40091591191559894     
  0.38677325168674720     
  0.12300051160444583     
  0.34897464521134408     
  0.21604230028916899     
  0.45673137613712844     
  0.19990187314547392     
  0.39840281255073762     
  0.45954878342066535     
  0.27701211383399832     
  0.24181984071867402     
  0.28572373596701761     
  0.24496862830647412     
  0.16254756234827109     
  0.29287234033413012     
  0.28991379424893365     
  0.23322615662361651     
  0.28988923100309610     
  0.37298380066131875     
  0.21813729116798142     
  0.33120868204950371     
  0.34945557823435125     
  0.42645328695842966     
  0.36560651217588030     
  0.23174488825965234     
  0.21306591735170136     
  0.20466424215033691     
  0.42610399700537460     
  0.33962149959783783     
  0.17177897569074130     
  0.19264496960917821     
  0.28931903797432240     
  0.22406194028777601     
  0.20797640793689628     
  0.19120427518596408     
  0.22124982383911174     
  0.20741019100318808     
  0.23884408274651689     
  0.22707870573364322     
  0.25558854035247419     
  0.18225702579603900     
  0.25748256969610744     
  0.15969045780011160     
  0.24688376045882701     
  0.41027694406087084     
  0.33442899192821102     
  0.28581912886301336     
  0.22590303892756078     
  0.43514876778410144     
  0.18366076320000299     
  0.24246748357016554     
  0.34755372585315197     
  0.42286326089927351     
  0.35613521144231147     
  0.23718231176459251     
  0.28124341504166050     
  0.32647382934795366     
  0.23051477266015485     
  0.23492665945148755     
  0.29454899136989426     
  0.36211345201634237     
  0.17150835513530996     
  0.23189404056885560     
  0.34353949500832298     
  0.43191878879236878     
  0.22995575935648854     
  0.26687958091547093     
  0.24971916026056065     
  0.22406497584598412     
  0.46601809549162959     
  0.20262213629395678     
  0.40778554598823535     
  0.41047704072285629     
  0.22739062555055597     
  0.21949615647530046     
  0.25192130982028643     
  0.21053788967143028     
  0.24014783928060360     
  0.36303752670193679     
  0.18995683690968537     
  0.23322313610490303     
  0.33933135968518313     
  0.25189782724122350     
  0.23233847102999775     
  0.20266661324695182     
  0.43762300540928767     
  0.19264781456873059     
  0.24526105101083878     
  0.41884555682717889     
  0.18734539627388339     
  0.25228212215726098     
  0.44746817536352568     
  0.19552710684154745     
  0.17231630630253669     
  0.26567474469226893     
  0.38803290059551171     
  0.22769745891396345     
  0.23156188429204919     
  0.18103053511533654     
  0.28107529997841191     
  0.11629066595778211     
  0.29585275987745940     
  0.15206210685382437     
  0.22305028141431199     
  0.43038501364198195     
  0.26036821983474528     
  0.26460616995594377     
  0.20534736053847005     
  0.19415219417307297     
  0.25867028286490751     
  0.17098297819565803     
  0.39997810465050038     
  0.22747067558421563     
  0.31686674490089312     
  0.19888608819178669     
  0.37689797888887400     
  0.27153503023738162     
  0.25401020019081577     
  0.24572273535759603     
  0.36211345201634237     
  0.30202082225442572     
  0.19136644678049203     
  0.21103987439385294     
  0.27209506006463635     
  0.31576121622333159     
  0.37365356985150144     
  0.24268223849545201     
  0.19869183033997803     
  0.39140217032285218     
  0.20796784686850239     
  0.22780043677405595     
  0.24778627497885403     
  0.21227457060745333     
  0.22928921823965792     
  0.24936841926225334     
  0.20838894590398710     
  0.29536123005716802     
  0.27633595580696030     
  0.37030942169967357     
  0.26439285179790850     
  0.31829496255505180     
  0.24050493093169395     
  0.22851589708036468     
  0.21056667820055405     
  0.39997810465050038     
  0.20654964511161575     
  0.34143144003036768     
  0.25913629121035175     
  0.28397014090073674     
  0.22678026607654767     
  0.42197359177582439     
  0.23467985264824709     
  0.30577075665800990     
