   2.0258764711933583     
   2.5097078133671396     
   2.6059128141391961     
   2.6855503152394604     
   2.7699581224408893     
   2.8267709951916129     
   2.9097022663404069     
   2.9881804953767568     
   3.0925236808430743     
   3.1677622816980993     
   3.1808017632321515     
   3.2534878034414110     
   3.2581348058284547     
   3.3152493356759192     
   3.3167580542491439     
   3.3494269626866586     
   3.3929237621743473     
   3.4137037519064952     
   3.4227598463819118     
   3.4558881560737928     
   3.4697960331674502     
   3.4809867930202767     
   3.4900337823150061     
   3.5554562123135365     
   3.5574890909162349     
   3.5667835959589254     
   3.5948665002288114     
   3.6432908270016098     
   3.6462015158834054     
   3.6534113019008441     
   3.6833230472350782     
   3.7104158164138892     
   3.7236218048490048     
   3.7403787369984967     
   3.7439829556667807     
   3.7881336130806371     
   3.8051156363620189     
   3.8195436489604560     
   3.8272091250780531     
   3.8647747899328060     
   3.8836546027310845     
   3.8950030542902070     
   3.9012189152297139     
   3.9029629898176750     
   3.9053357298676334     
   3.9302856781493141     
   3.9522960311404267     
   3.9650278740090976     
   3.9673085859595525     
   3.9784424292839393     
   3.9936931297760427     
   4.0215994733861313     
   4.0284618905849738     
   4.0409520521028277     
   4.0443890132935572     
   4.0480355519603890     
   4.0513113984497497     
   4.0625662066233543     
   4.0646158535488315     
   4.0952329811827157     
   4.1038537113718494     
   4.1152829732891956     
   4.1168492866495212     
   4.1241503700516713     
   4.1286881969482776     
   4.1491052022569637     
   4.1527007134082004     
   4.1693921815999051     
   4.1727031944037218     
   4.1780419253717493     
   4.1818936037280627     
   4.1899351068945254     
   4.1999865451250153     
   4.2058608531571338     
   4.2145005303555321     
   4.2154453798872895     
   4.2251049693360336     
   4.2382194952847847     
   4.2505815746728786     
   4.2573787777064069     
   4.2671969398512788     
   4.2719595037092137     
   4.2794098318153040     
   4.2878108040159919     
   4.3007570495568732     
   4.3112824262681251     
   4.3192111834049491     
   4.3251955639444475     
   4.3280541982118095     
   4.3329945894063959     
   4.3412403459365221     
   4.3476448527749882     
   4.3511177384017357     
   4.3585133425516238     
   4.3597645146694006     
   4.3668444585431736     
   4.3832914867662609     
   4.3837522795815644     
   4.4083629121767602     
   4.4099236715544414     
   4.4218906335531374     
   4.4294445470940138     
   4.4323346804888937     
   4.4369000444654674     
   4.4388702477189907     
   4.4435681902143260     
   4.4529991022600282     
   4.4585511921076435     
   4.4646167042459410     
   4.4672603010073866     
   4.4816196303958895     
   4.4974352698266369     
   4.5046194863373552     
   4.5056461072035878     
   4.5101786962562072     
   4.5137785989336736     
   4.5196382954067396     
   4.5216763374696249     
   4.5238194652226591     
   4.5352599529166042     
   4.5423921050951028     
   4.5465053087950427     
   4.5475424493169223     
   4.5605541285066717     
   4.5642138194678541     
   4.5736841815239346     
   4.5768484127607429     
   4.5866305026834375     
   4.5923004009377699     
   4.5995985727353732     
   4.6045346185928757     
   4.6056671832961547     
   4.6102882616945502     
   4.6167536964329328     
   4.6178812437261394     
   4.6285332290039518     
   4.6343029675536211     
   4.6440007643668029     
   4.6480210007797691     
   4.6503808007754364     
   4.6590555395390307     
   4.6633920607106774     
   4.6684054983662788     
   4.6764905529511802     
   4.6805717039947377     
   4.6836197075159491     
   4.6881242452195311     
   4.6896381926786397     
   4.6942357829687751     
   4.6980138404405078     
   4.7033341027718354     
   4.7084725091472475     
   4.7102573478260670     
   4.7161398565378514     
   4.7190806009659712     
   4.7193686413774829     
   4.7296940845727482     
   4.7314413713626315     
   4.7381204441258040     
   4.7445641903083029     
   4.7452096026682327     
   4.7526414679172833     
   4.7550527319212161     
   4.7573360203845816     
   4.7596597207312126     
   4.7617201628344299     
   4.7712916784164712     
   4.7820323305670867     
   4.7870635337197989     
   4.7878567746844753     
   4.7888170276631810     
   4.7948489227014148     
   4.7982483048917803     
   4.8031341725969314     
   4.8080116761886771     
   4.8090797611345089     
   4.8130816015402518     
   4.8194445307553542     
   4.8225495464330494     
   4.8285907819462155     
   4.8305145009585280     
   4.8316651771475216     
   4.8389027096853354     
   4.8395626954120274     
   4.8401926382425220     
   4.8446673404216281     
   4.8595466688269884     
   4.8625768566096275     
   4.8652794188798874     
   4.8695267976331591     
   4.8731074150749425     
   4.8752718063141511     
   4.8791518463241932     
   4.8813584383220272     
   4.8859123365903390     
   4.8921892726187304     
   4.8952210612089369     
   4.9003101864982339     
   4.9038775630218723     
   4.9054857241245644     
   4.9063501725754017     
   4.9085047038853942     
   4.9159258711154736     
   4.9218360644228882     
   4.9234830969126362     
   4.9243192264016296     
   4.9295879690151549     
   4.9349757706540736     
   4.9381641369776910     
   4.9398326037632074     
   4.9493771102669877     
   4.9535535965806545     
   4.9574153289325658     
   4.9589291497577195     
   4.9611511346360899     
   4.9639465078701486     
   4.9652928859452841     
   4.9699039867477515     
   4.9722304438783258     
   4.9752812677748413     
   4.9780717305562865     
   4.9804337915615440     
   4.9853263155034009     
   4.9868343398232184     
   4.9892712077959338     
   4.9927720256480077     
   4.9968904312672562     
   4.9987229067959076     
   5.0015573949747347     
   5.0037515464398385     
   5.0083896339378535     
   5.0112181215415372     
   5.0157166040931811     
   5.0191697336064003     
   5.0213628789068814     
   5.0247891994941565     
   5.0289571832733353     
   5.0302185695435480     
   5.0349899951531878     
   5.0463026181404818     
   5.0471500806708249     
   5.0481064736089882     
   5.0507031166530112     
   5.0538605523091951     
   5.0567562494108778     
   5.0615118724272534     
   5.0647356060632402     
   5.0706039219986927     
   5.0721895503174093     
   5.0748166227239944     
   5.0769799104812874     
   5.0803884379705186     
   5.0819857633839236     
   5.0849529545522634     
   5.0875321074679141     
   5.0909590403163500     
   5.0923839586574129     
   5.0954659335925259     
   5.0982339195356330     
   5.1012227524286260     
   5.1072699597721067     
   5.1101743484705748     
   5.1117085040634791     
   5.1176297178546859     
   5.1219915594184595     
   5.1228004162294232     
   5.1279216325565926     
   5.1302865986953003     
   5.1325841685533424     
   5.1365949847500216     
   5.1376422601436040     
   5.1420550071139335     
   5.1434367963024137     
   5.1472054194762373     
   5.1505415070807876     
   5.1542753645478490     
   5.1562872138409199     
   5.1613122736144668     
   5.1626908060783920     
   5.1632980684695404     
   5.1650156301712604     
   5.1673203867751889     
   5.1692655643368450     
   5.1723025493577461     
   5.1773396714795750     
   5.1799191642323938     
   5.1848578293251473     
   5.1871796114428079     
   5.1916821700471107     
   5.1926841864815563     
   5.1959147528089193     
   5.1975614748176024     
   5.2004949256116610     
   5.2013897743837667     
   5.2038845150542938     
   5.2047214904046157     
   5.2077661286714463     
   5.2084320157532629     
   5.2115312429697598     
   5.2140268986160576     
   5.2163716900904014     
   5.2207901972092685     
   5.2242432818551912     
   5.2259601006979644     
   5.2274652243092117     
   5.2305274670276773     
   5.2320103645253884     
   5.2350118912986723     
   5.2411395507901881     
   5.2437024819218099     
   5.2461258306995289     
   5.2495981869969972     
   5.2534670846788414     
   5.2575768169923993     
   5.2594395222783810     
   5.2620685392484878     
   5.2628361515375239     
   5.2651713285334898     
   5.2718614731507616     
   5.2749195419561481     
   5.2754569100147481     
   5.2770172298730706     
   5.2794054010084155     
   5.2816039658044485     
   5.2831096249946636     
   5.2865089497595648     
   5.2898984026961928     
   5.2926031275216250     
   5.2953758411781910     
   5.2973200971243077     
   5.2998777275501432     
   5.3050712055306128     
   5.3060881411076153     
   5.3070414944851159     
   5.3088893056076492     
   5.3104464454990765     
   5.3119910830571992     
   5.3160137244357619     
   5.3176636101879469     
   5.3219310373319413     
   5.3227759194517601     
   5.3289934882002168     
   5.3334726971387880     
   5.3348682492584496     
   5.3368137749534270     
   5.3414057207379466     
   5.3443972442010965     
   5.3453128684431892     
   5.3494757003572815     
   5.3519283578596566     
   5.3525417095295156     
   5.3553012295729259     
   5.3603242154591344     
   5.3613266689137840     
   5.3657211638606483     
   5.3659870417153055     
   5.3672943982574024     
   5.3697010565051730     
   5.3718038736863312     
   5.3743555257968829     
   5.3775857277243944     
   5.3782515828452864     
   5.3799417022148965     
   5.3804743795496419     
   5.3837253832297165     
   5.3853848720335202     
   5.3885555546803321     
   5.3900254793598252     
   5.3926656290342381     
   5.3965417342847024     
   5.4001980630260356     
   5.4035061139025018     
   5.4048049068685460     
   5.4064122392041307     
   5.4078528894025810     
   5.4102686689857533     
   5.4130851847861949     
   5.4167601574908613     
   5.4175025642067984     
   5.4203057375756556     
   5.4233611379588123     
   5.4257678131301708     
   5.4262005125553605     
   5.4283611711290458     
   5.4297108915893615     
   5.4332401105751167     
   5.4341061549971306     
   5.4356319082591540     
   5.4386757085988329     
   5.4392132231626684     
   5.4423425765737532     
   5.4434451236313688     
   5.4471182921441255     
   5.4478488616012735     
   5.4490865671538176     
   5.4526410651370574     
   5.4538404798184388     
   5.4559336130042535     
   5.4570927997885885     
   5.4597494495462406     
   5.4623233000064548     
   5.4645916327536090     
   5.4647401974263952     
   5.4678367593639177     
   5.4691899551244854     
   5.4719024522606805     
   5.4744331771469055     
   5.4779765604335360     
   5.4790207323560178     
   5.4828130223405811     
   5.4853222665159098     
   5.4869586778479524     
   5.4897917969382348     
   5.4912775901366961     
   5.4944287200552875     
   5.4955842094806195     
   5.4974913130414951     
   5.4985833583617429     
   5.5019233114842416     
   5.5041607601001505     
   5.5048051275334178     
   5.5071710650603967     
   5.5120687843020590     
   5.5125511378376428     
   5.5158535266432498     
   5.5203169217529933     
   5.5213163621069743     
   5.5223176399896126     
   5.5232158168901231     
   5.5263879396162592     
   5.5278012721267658     
   5.5300133777378591     
   5.5310086581110465     
   5.5337986720974959     
   5.5357068207650366     
   5.5365397285109408     
   5.5381593508836220     
   5.5398410014469075     
   5.5436622913791185     
   5.5456263242784054     
   5.5457420966101347     
   5.5481921367015961     
   5.5503570962525517     
   5.5513688726592525     
   5.5525369615729367     
   5.5555836762620210     
   5.5590084364719807     
   5.5593244780854496     
   5.5611644680281183     
   5.5619126617508856     
   5.5637207828266906     
   5.5650187520591263     
   5.5671784758972693     
   5.5713915662311857     
   5.5732437975194715     
   5.5750371895075448     
   5.5769213350480955     
   5.5794343321595630     
   5.5817587840965741     
   5.5854045283833731     
   5.5857431779570348     
   5.5863421758909482     
   5.5895490963731014     
   5.5915375498489706     
   5.5945843771561998     
   5.5959045536468128     
   5.5965637275547158     
   5.5977967271378137     
   5.6003637004415410     
   5.6012782514375061     
   5.6026809440167327     
   5.6049380692727420     
   5.6057342176116984     
   5.6069954171294336     
   5.6074034041723220     
   5.6101588174315484     
   5.6114628736356762     
   5.6138887511937998     
   5.6171860910067553     
   5.6180812404871157     
   5.6196074133751308     
   5.6202451667744855     
   5.6227435144760038     
   5.6244681237711287     
   5.6264463962957496     
   5.6278859945166824     
   5.6311913827546771     
   5.6322447878183395     
   5.6348717695310979     
   5.6364450606298515     
   5.6374948266782186     
   5.6397328108227658     
   5.6432531371283448     
   5.6450500685563565     
   5.6473591644396084     
   5.6484641429482574     
   5.6502766703097400     
   5.6540702221662338     
   5.6563802747360130     
   5.6577950233893404     
   5.6582307386767088     
   5.6586048080114946     
   5.6620672851690736     
   5.6633695080287776     
   5.6665583967536470     
   5.6668400141482635     
   5.6691877660092018     
   5.6710425067944632     
   5.6729448279252646     
   5.6735059987029581     
   5.6754459423794676     
   5.6761259783490283     
   5.6795877092483957     
   5.6799529363398182     
   5.6826684726164567     
   5.6833558387673753     
   5.6851675342981531     
   5.6868278513845638     
   5.6880760248164117     
   5.6894656696803443     
   5.6918497854685768     
   5.6932490829449751     
   5.6952592728602616     
   5.6969396017866796     
   5.7000567571494747     
   5.7014100162768813     
   5.7017960620765198     
   5.7047633036526637     
   5.7068271026999007     
   5.7076110886519835     
   5.7082083475997418     
   5.7103369204643153     
   5.7107293208085022     
   5.7143730811676763     
   5.7157081231232931     
   5.7159005102086846     
   5.7185851232289275     
   5.7210557320255608     
   5.7222375305163755     
   5.7246923188428189     
   5.7264958955158987     
   5.7276852448295337     
   5.7292697605488225     
   5.7302343032867675     
   5.7330182606038811     
   5.7350938171960912     
   5.7358099034055545     
   5.7386683755940471     
   5.7390710423432401     
   5.7398787019855746     
   5.7433851906496196     
   5.7439337735388483     
   5.7461295162503632     
   5.7480219594881925     
   5.7486906977852632     
   5.7518079126815342     
   5.7527522551045429     
   5.7544926511230585     
   5.7552899575946403     
   5.7564187149877126     
   5.7575566494883947     
   5.7596865740095833     
   5.7608498511023738     
   5.7634095568918555     
   5.7644048490561968     
   5.7680791852983280     
   5.7685674335506212     
   5.7689751212673421     
   5.7713995044579285     
   5.7734684892329540     
   5.7747401392567967     
   5.7769219437781469     
   5.7773269554342610     
   5.7795270065961892     
   5.7807134060151624     
   5.7828886520674470     
   5.7844533863624346     
   5.7864671469809217     
   5.7877521449965030     
   5.7895175187288128     
   5.7900383698553481     
   5.7923597608459110     
   5.7933290291642301     
   5.7953592525257092     
   5.7993433379156505     
   5.8005177587193639     
   5.8017849983235381     
   5.8033950669991237     
   5.8059221722806216     
   5.8074638863044123     
   5.8086010393730971     
   5.8103955948867503     
   5.8107848134712352     
   5.8142294933972742     
   5.8146303423351631     
   5.8166205070941537     
   5.8180295710367167     
   5.8203989600992907     
   5.8208117667643933     
   5.8222472595804842     
   5.8250286057710277     
   5.8264851503436486     
   5.8283475582699591     
   5.8290592076124064     
   5.8320824695269797     
   5.8335529688434589     
   5.8338822380829036     
   5.8369614349597185     
   5.8376096715983037     
   5.8383004924773658     
   5.8400576839873315     
   5.8405853050219161     
   5.8431504373539411     
   5.8449962388869379     
   5.8458130371689778     
   5.8469368218447029     
   5.8494861652206254     
   5.8514307885861729     
   5.8521077663863457     
   5.8535707318082775     
   5.8538042857339478     
   5.8559500188622673     
   5.8585903690889083     
   5.8598334797280707     
   5.8611194038508243     
   5.8632191167363850     
   5.8636540239960819     
   5.8656957250298998     
   5.8678053475975629     
   5.8697074984924456     
   5.8706155086802907     
   5.8709459221156770     
   5.8740115595400297     
   5.8755116681593886     
   5.8782323211784862     
   5.8792494401151281     
   5.8804287106220228     
   5.8820565724287661     
   5.8827343013953488     
   5.8840583851754884     
   5.8855070899275672     
   5.8863785099531913     
   5.8873758564804231     
   5.8900131430117728     
   5.8908784603691400     
   5.8921623955655047     
   5.8945528308340505     
   5.8955199646037002     
   5.8973511187084195     
   5.8992572866201556     
   5.9008436103294795     
   5.9018239431188491     
   5.9024863264221539     
   5.9043064356320407     
   5.9051298677697757     
   5.9076069291968292     
   5.9091498063657131     
   5.9116918116698969     
   5.9117567984344666     
   5.9128041410571202     
   5.9144165784158780     
   5.9145781111123652     
   5.9151409389697509     
   5.9194875000074099     
   5.9210529086273000     
   5.9214390921477289     
   5.9236560517801236     
   5.9249767209633273     
   5.9268627233977504     
   5.9275732341469141     
   5.9283642528942151     
   5.9308448957067412     
   5.9326982845680245     
   5.9330101883487130     
   5.9353906146532927     
   5.9374650996022700     
   5.9378065531780644     
   5.9387465701373943     
   5.9412741696974054     
   5.9423945733141572     
   5.9451244960198499     
   5.9465749604610636     
   5.9497624600501853     
   5.9503447923976625     
   5.9513428602577525     
   5.9528578466270945     
   5.9538471674064484     
   5.9558055559124794     
   5.9567795059018120     
   5.9579892303935313     
   5.9596174356673508     
   5.9607570367818878     
   5.9627846835320915     
   5.9648838711123231     
   5.9661996959589878     
   5.9672107784669057     
   5.9681131629490736     
   5.9698665983294203     
   5.9709227148923416     
   5.9729929520766882     
   5.9733363608772834     
   5.9742990492497583     
   5.9755494239817519     
   5.9769904327606200     
   5.9777453398049802     
   5.9792735832413300     
   5.9817040946872808     
   5.9824685380201439     
   5.9832850625403502     
   5.9848152329693862     
   5.9856507904616594     
   5.9872321505748198     
   5.9888440329412846     
   5.9898479442386128     
   5.9928086204101030     
   5.9934365589529452     
   5.9941848744212267     
   5.9972027899777132     
   5.9983448707715148     
   5.9998691513525646     
   6.0005636010448766     
   6.0011240841725151     
   6.0036397243618218     
   6.0044297711448102     
   6.0075176926197820     
   6.0080214210196523     
   6.0091359586745270     
   6.0102572773797185     
   6.0115990198586138     
   6.0130353683137230     
   6.0138556125437006     
   6.0139879411238466     
   6.0158136268346585     
   6.0171070332754342     
   6.0178901699173553     
   6.0198580266384862     
   6.0227148423206458     
   6.0233701612028065     
   6.0254294547764653     
   6.0273041443057220     
   6.0290533111313289     
   6.0302191458303334     
   6.0316901884405887     
   6.0325515210734562     
   6.0332421881324203     
   6.0350828739484967     
   6.0365509555215668     
   6.0386084965948106     
   6.0389979431938228     
   6.0415359479651194     
   6.0428407473606516     
   6.0440962113560532     
   6.0444003575499039     
   6.0463095617041160     
   6.0472764855497427     
   6.0480096917459196     
   6.0500873025190085     
   6.0516482384881707     
   6.0528077115406189     
   6.0545382739015610     
   6.0561195555337655     
   6.0585192340868979     
   6.0605811668276726     
   6.0612462700075280     
   6.0614062925633876     
   6.0625639454229558     
   6.0645838369788354     
   6.0667965918947386     
   6.0679194392913098     
   6.0693887115157832     
   6.0709826666757296     
   6.0720795040498334     
   6.0731133025724260     
   6.0754282888479194     
   6.0759204332096761     
   6.0773759634484295     
   6.0782282680578277     
   6.0787940318178020     
   6.0791553935859595     
   6.0835918987184110     
   6.0838390818611163     
   6.0848554740022927     
   6.0865246330926297     
   6.0899232430927377     
   6.0911173024826102     
   6.0919153452943666     
   6.0932587771725402     
   6.0950942872396263     
   6.0954404083418021     
   6.0965314547968292     
   6.0978565719384301     
   6.0990960979328799     
   6.1002558666205937     
   6.1031075751265060     
   6.1037524938656205     
   6.1056010968714025     
   6.1059619948012864     
   6.1071270899031518     
   6.1083710810939174     
   6.1100873660208999     
   6.1123135867647935     
   6.1136211423770064     
   6.1148106789266441     
   6.1159783419106919     
   6.1171177733130460     
   6.1174384736942793     
   6.1182084539967390     
   6.1204505898342241     
   6.1206145874444777     
   6.1225759970224809     
   6.1242284524390938     
   6.1253011661841308     
   6.1261885077037084     
   6.1268596087183687     
   6.1287075189542675     
   6.1305354894289525     
   6.1312937109159469     
   6.1320857202328156     
   6.1323983088790701     
   6.1332240864224703     
   6.1358442822577253     
   6.1366545946651492     
   6.1371819154434615     
   6.1385625780107196     
   6.1405074032564846     
   6.1415086385991531     
   6.1430065580945303     
   6.1442546708078014     
   6.1464138722283934     
   6.1472878022954474     
   6.1477495539268379     
   6.1496240356215077     
   6.1510184038819720     
   6.1524001576085503     
   6.1529263023701182     
   6.1544445330132707     
   6.1565378920012472     
   6.1570312164081891     
   6.1582432123162913     
   6.1601158989222986     
   6.1624469346172246     
   6.1633191095830560     
   6.1641843034579784     
   6.1648358927953915     
   6.1662009615731233     
   6.1678426161008053     
   6.1682104426774815     
   6.1698589909899866     
   6.1703748448638267     
   6.1712930397227010     
   6.1717524960927674     
   6.1748201957888744     
   6.1765621034616052     
   6.1773724740652947     
   6.1780821130654733     
   6.1793522211769067     
   6.1811339926982303     
   6.1817694439445434     
   6.1827956482774136     
   6.1837262045587469     
   6.1844640504307069     
   6.1856807324045491     
   6.1865857597676319     
   6.1883192622697178     
   6.1889006077767039     
   6.1895789031977335     
   6.1911281232571396     
   6.1922667493021990     
   6.1937849543021501     
   6.1967376961887259     
   6.1974785060649502     
   6.1989996600591839     
   6.1997791864104794     
   6.2001116356618962     
   6.2009995322105640     
   6.2022787433380531     
   6.2036330521830418     
   6.2046477817766190     
   6.2054935527516735     
   6.2060282447433748     
   6.2082812331526931     
   6.2099449382352061     
   6.2112181923132077     
   6.2125807057737923     
   6.2128470448939499     
   6.2148244895438447     
   6.2158561601165250     
   6.2172500732722762     
   6.2178430679787011     
   6.2203894274323481     
   6.2217051036563831     
   6.2220710973637585     
   6.2251695980652029     
   6.2266075279087545     
   6.2276661980173484     
   6.2289226444204662     
   6.2306139870523447     
   6.2307177257581454     
   6.2318985130831832     
   6.2333070861682698     
   6.2336214951014686     
   6.2351003219776153     
   6.2364765905607484     
   6.2377807067756077     
   6.2394788272266375     
   6.2403893333871752     
   6.2414189850365389     
   6.2430766334981520     
   6.2435432090171057     
   6.2452040217763480     
   6.2462001261457081     
   6.2473094638961655     
   6.2489061520675317     
   6.2501671027672332     
   6.2516143178614998     
   6.2532133556303791     
   6.2547633877944309     
   6.2554696765377855     
   6.2563325535004015     
   6.2579452077709661     
   6.2599245902014218     
   6.2612340258807722     
   6.2617854831824822     
   6.2627630699356587     
   6.2640649576908354     
   6.2651190923813518     
   6.2667882141522657     
   6.2674637208042272     
   6.2688753583672492     
   6.2699164317270597     
   6.2718123984280352     
   6.2739235189440530     
   6.2746958750270867     
   6.2760500173524028     
   6.2790921024795461     
   6.2795400454883197     
   6.2796846250529894     
   6.2801751958520686     
   6.2819659024223524     
   6.2829142318551385     
   6.2841693691107130     
   6.2853268987652218     
   6.2858376936763811     
   6.2873109111770891     
   6.2878870096526542     
   6.2894780354794504     
   6.2906544932329975     
   6.2920822532260736     
   6.2928311780016593     
   6.2945686563230501     
   6.2962661455693372     
   6.2975661467795812     
   6.2991944995740443     
   6.3000031756990236     
   6.3009212056284465     
   6.3017361418553737     
   6.3020223322212692     
   6.3045650864395739     
   6.3052742238140036     
   6.3060944490850872     
   6.3070693034014820     
   6.3086217139229728     
   6.3097690579431989     
   6.3111585175416183     
   6.3130928834527271     
   6.3147489667838475     
   6.3159581459107885     
   6.3164477210280570     
   6.3177971184416277     
   6.3183909655730295     
   6.3188992924345015     
   6.3205198349574543     
   6.3218620212958658     
   6.3224687750391686     
   6.3239966940702548     
   6.3256305282082135     
   6.3261525395636209     
   6.3279345549492012     
   6.3295256851859651     
   6.3297058284059959     
   6.3313985909589956     
   6.3324681085270962     
   6.3335388568098976     
   6.3354402246286279     
   6.3362198161958654     
   6.3369983241802377     
   6.3401493869901797     
   6.3416641375985163     
   6.3420102899555779     
   6.3427458228550364     
   6.3444596182349891     
   6.3456319689054528     
   6.3465071261805717     
   6.3472449196189054     
   6.3482828304077703     
   6.3494146916850003     
   6.3517481221044685     
   6.3524036937381956     
   6.3536188881846325     
   6.3541786303890699     
   6.3555954971384780     
   6.3563191795202609     
   6.3572999508400594     
   6.3581657057880969     
   6.3613615843648015     
   6.3622135588436537     
   6.3639627702863626     
   6.3654414233461631     
   6.3655557904311113     
   6.3667685532889449     
   6.3672582347919038     
   6.3674705764091035     
   6.3687799839426384     
   6.3702953997634175     
   6.3721529693997887     
   6.3728343851778071     
   6.3748131296403274     
   6.3753348190913277     
   6.3772862892166238     
   6.3787877424346107     
   6.3800554647167305     
   6.3805824456410596     
   6.3817804945989627     
   6.3826066760541798     
   6.3845651440588878     
   6.3851238838731730     
   6.3866911265968689     
   6.3875830084459793     
   6.3886113642683302     
   6.3894987411816260     
   6.3903310292599542     
   6.3917683646257721     
   6.3930353305784955     
   6.3943534046169024     
   6.3946986438969331     
   6.3956142583098696     
   6.3971825998392760     
   6.3976439787408985     
   6.4001939087295634     
   6.4006352836396285     
   6.4012776466024635     
   6.4027377479719494     
   6.4034894021097424     
   6.4045776625323683     
   6.4064809043151669     
   6.4074821117961696     
   6.4076639156341093     
   6.4090080899180446     
   6.4098828019121123     
   6.4118000874227832     
   6.4122768350548975     
   6.4127248150462526     
   6.4144581104392202     
   6.4158712644510576     
   6.4162910376414093     
   6.4165115452844361     
   6.4198692486770810     
   6.4209903083179229     
   6.4218462670495393     
   6.4234117324792983     
   6.4243336183755551     
   6.4255827294721817     
   6.4276838236638234     
   6.4280156609846593     
   6.4290818160926460     
   6.4306934595964664     
   6.4309223096110308     
   6.4315914927175184     
   6.4333825432905103     
   6.4342126532355275     
   6.4353953449332453     
   6.4365257887709895     
   6.4387434537048938     
   6.4391632519363808     
   6.4407231555188202     
   6.4409542373261681     
   6.4426820314936561     
   6.4444081798255493     
   6.4464909581611654     
   6.4475631455006468     
   6.4496561063900879     
   6.4502030596756397     
   6.4511048263958006     
   6.4516550222701055     
   6.4526157858187014     
   6.4545180498003454     
   6.4558074932379865     
   6.4570288996142837     
   6.4582595831251499     
   6.4586374182836925     
   6.4594236101151994     
   6.4603483980086844     
   6.4626004222825557     
   6.4641912463844839     
   6.4647326090410342     
   6.4650570261822358     
   6.4667939497358606     
   6.4670793877742714     
   6.4686244840736942     
   6.4698710893510878     
   6.4712293111593198     
   6.4725977076461101     
   6.4731515437539020     
   6.4736967918856658     
   6.4754517993077076     
   6.4767989628162885     
   6.4785224775385624     
   6.4785818014037000     
   6.4805545426449047     
   6.4815537980543727     
   6.4819266461068379     
   6.4842383732994850     
   6.4857249433751623     
   6.4859654074662529     
   6.4871424923395367     
   6.4880195555739686     
   6.4884130726617917     
   6.4908408387694925     
   6.4911003864343524     
   6.4929077812811036     
   6.4939732680330513     
   6.4942170933760348     
   6.4966908189612793     
   6.4973336339233780     
   6.4986095505380623     
   6.4994012726666535     
   6.5000200358194320     
   6.5006128016567484     
   6.5036159303697758     
   6.5048395518556008     
   6.5054444550637553     
   6.5065714963920449     
   6.5076982338839082     
   6.5079866966196702     
   6.5089270784237083     
   6.5111686191438851     
   6.5117060821809414     
   6.5122813232312762     
   6.5135928549770661     
   6.5150525076758967     
   6.5159587557615426     
   6.5170611501029025     
   6.5180321784694142     
   6.5187301618061824     
   6.5206744035645485     
   6.5210233493420224     
   6.5219461412755910     
   6.5236459726105709     
   6.5254474012220527     
   6.5271066787252616     
   6.5278815762000599     
   6.5284672319367658     
   6.5296190563955641     
   6.5303858798503152     
   6.5314131035289069     
   6.5325209527136723     
   6.5332451748636178     
   6.5355955028934281     
   6.5358173584573942     
   6.5368879121396803     
   6.5384613984533448     
   6.5390731240836528     
   6.5410173289241191     
   6.5416674201878173     
   6.5445139110697337     
   6.5448692625069009     
   6.5455070614996087     
   6.5460370373435639     
   6.5480476004320316     
   6.5489696117041865     
   6.5492915125248814     
   6.5502611708927487     
   6.5508061196876080     
   6.5529706608966185     
   6.5537581148217097     
   6.5563126469565676     
   6.5566690397183631     
   6.5568295522491304     
   6.5579502197311648     
   6.5587149569123175     
   6.5599415456416947     
   6.5614347436543712     
   6.5630753460058795     
   6.5640329564206121     
   6.5655468685528913     
   6.5659179268088410     
   6.5681829523972448     
   6.5684806664793420     
   6.5693096467248608     
   6.5701660778202822     
   6.5708750173904740     
   6.5723892669751054     
   6.5741471471294464     
   6.5758023823701031     
   6.5762839021294504     
   6.5765594032090853     
   6.5778537249830791     
   6.5786663694171885     
   6.5805496448407403     
   6.5832234206247957     
   6.5847286221683801     
   6.5847487749415814     
   6.5858073701055009     
   6.5870057250674749     
   6.5884765979992963     
   6.5891855518360165     
   6.5898359165227012     
   6.5910510470760837     
   6.5916643778208934     
   6.5939554118729173     
   6.5946891517424877     
   6.5956004899602734     
   6.5967325533275485     
   6.5972140360745222     
   6.5993748555521226     
   6.5998542504381925     
   6.6015332888209119     
   6.6019260325147826     
   6.6029931238823210     
   6.6036054321303777     
   6.6040163809361729     
   6.6051750818440853     
   6.6068701181579863     
   6.6077239435772110     
   6.6089797087469302     
   6.6101002980326005     
   6.6113985882941684     
   6.6120589710982385     
   6.6136640657099486     
   6.6150460761841092     
   6.6163209484732688     
   6.6173002336512132     
   6.6187762154459442     
   6.6199914821173254     
   6.6211084127952633     
   6.6227838997252473     
   6.6232267694916223     
   6.6238174091888293     
   6.6245893165275094     
   6.6256697368336717     
   6.6262812717333901     
   6.6270765911245988     
   6.6290392875985367     
   6.6310234048078254     
   6.6312229244663383     
   6.6316602694941844     
   6.6322199284788574     
   6.6348155945660361     
   6.6353069255575878     
   6.6370676141381217     
   6.6379062141629968     
   6.6390750987918663     
   6.6401157774693731     
   6.6405426238119123     
   6.6419053177106830     
   6.6439735774190920     
   6.6440158444826851     
   6.6455937454873650     
   6.6456987725159902     
   6.6463397564711091     
   6.6489489792691749     
   6.6500961351196564     
   6.6507836118459664     
   6.6518330609016250     
   6.6533234804311769     
   6.6544557654096801     
   6.6559755437783883     
   6.6565346957934777     
   6.6571390661571073     
   6.6577619218767135     
   6.6580836719220908     
   6.6604251562230337     
   6.6614563280325525     
   6.6627461729543409     
   6.6634610126774705     
   6.6647486488867749     
   6.6660474818442452     
   6.6668838042588812     
   6.6679434746252904     
   6.6680243246466864     
   6.6690773623700847     
   6.6701106751494486     
   6.6716066960980873     
   6.6728894118112603     
   6.6739242727274766     
   6.6752038225395154     
   6.6758050598951231     
   6.6778048304599587     
   6.6787449110573487     
   6.6801786342679064     
   6.6812414110720351     
   6.6822424924097108     
   6.6839791720733439     
   6.6857395579310026     
   6.6858155665197279     
   6.6867877897153711     
   6.6872909632620932     
   6.6885834353528599     
   6.6902515652338437     
   6.6909623444501012     
   6.6927989021971754     
   6.6943304955022365     
   6.6947533998121012     
   6.6955517081917133     
   6.6961672987130241     
   6.6972889915090610     
   6.6988124759992242     
   6.6998896262532748     
   6.7008766974981233     
   6.7020895349313658     
   6.7036188699236776     
   6.7052491099429172     
   6.7055245670795216     
   6.7064173825877766     
   6.7090663636940073     
   6.7091164396913774     
   6.7106456510009860     
   6.7108574602229067     
   6.7121390016331972     
   6.7130971352740643     
   6.7144307167808774     
   6.7156165661578839     
   6.7175518875987521     
   6.7181447521344468     
   6.7192359225889433     
   6.7197068825049708     
   6.7210709786834517     
   6.7211851718845548     
   6.7228132532761711     
   6.7239131303868849     
   6.7245469616699465     
   6.7263376990938966     
   6.7266924337297693     
   6.7273781674230353     
   6.7288295745333677     
   6.7298741173847549     
   6.7323556635109929     
   6.7328289016760605     
   6.7339325599312216     
   6.7347774953896753     
   6.7366718705242432     
   6.7381799169678054     
   6.7402071495985396     
   6.7406849653631049     
   6.7412015071215166     
   6.7420017316559848     
   6.7436866594126545     
   6.7455024269560599     
   6.7462677307771521     
   6.7475335797641538     
   6.7488886725426251     
   6.7498412464721600     
   6.7504208396815661     
   6.7516118688785101     
   6.7533457311532521     
   6.7544555444223064     
   6.7558286914242798     
   6.7560811543404604     
   6.7580058010762318     
   6.7583067611428991     
   6.7586837765532595     
   6.7600652682527951     
   6.7620953723073409     
   6.7626284269558363     
   6.7630899098500787     
   6.7648057259481593     
   6.7648472860732154     
   6.7664983797586080     
   6.7684135220066803     
   6.7699397489285547     
   6.7707481975335115     
   6.7711384932466441     
   6.7721091081165232     
   6.7731697009797935     
   6.7751722812299064     
   6.7760630689834418     
   6.7766472969662805     
   6.7790262233532674     
   6.7804923603100775     
   6.7813902046803030     
   6.7826662798282795     
   6.7836256181468251     
   6.7854542531408564     
   6.7860558372835769     
   6.7872960721058249     
   6.7899743122654037     
   6.7900353053119700     
   6.7905139301804764     
   6.7928697002210585     
   6.7940098216720850     
   6.7944256571159336     
   6.7951554352187973     
   6.7962881045505164     
   6.7969048017657281     
   6.7983488759601860     
   6.7999045995620868     
   6.8009901865701545     
   6.8013798858465266     
   6.8029704151733821     
   6.8036135145648418     
   6.8042120953985767     
   6.8058701283538880     
   6.8076509340937026     
   6.8079342310644781     
   6.8084530768412161     
   6.8096169973499130     
   6.8099575362899341     
   6.8120536559987981     
   6.8134329073540796     
   6.8143933129845520     
   6.8158994239231721     
   6.8178143127863926     
   6.8196378617417208     
   6.8210900611156609     
   6.8215146439171219     
   6.8220043719823771     
   6.8251478993997061     
   6.8255375889292242     
   6.8272852319380428     
   6.8280802738997375     
   6.8288260682929822     
   6.8300669475835507     
   6.8312600525172966     
   6.8331886922982479     
   6.8341681076809859     
   6.8357154425667330     
   6.8362441372489977     
   6.8367165464994244     
   6.8377122258898293     
   6.8390175116787963     
   6.8405250716069386     
   6.8420550316659652     
   6.8428624508593003     
   6.8437655288064070     
   6.8459475163614094     
   6.8468686903284492     
   6.8473250390221523     
   6.8479183527734460     
   6.8493586506876039     
   6.8510196852929930     
   6.8512865988447915     
   6.8543430407110435     
   6.8555335607903416     
   6.8560097496398509     
   6.8566235310512980     
   6.8573111808600604     
   6.8589732141956583     
   6.8594947280339618     
   6.8611480417678239     
   6.8638046445536789     
   6.8640924651490858     
   6.8653237514616023     
   6.8671740256535445     
   6.8676216533150756     
   6.8682954421748459     
   6.8695804803373726     
   6.8697781053902895     
   6.8714409096998432     
   6.8723627337979210     
   6.8750502870837611     
   6.8759263989522772     
   6.8767229576354056     
   6.8776391412623328     
   6.8786422949804917     
   6.8800830958419690     
   6.8811009607506470     
   6.8826228621296819     
   6.8840674806586994     
   6.8851619914127733     
   6.8860828322409890     
   6.8871488239571654     
   6.8879050739570316     
   6.8889857206667564     
   6.8895740971128987     
   6.8907452092713068     
   6.8938299091724566     
   6.8948200857707773     
   6.8957429390315257     
   6.8962254688375424     
   6.8993175271412666     
   6.9001449776266854     
   6.9009209857314477     
   6.9014637887736923     
   6.9023293272033825     
   6.9033030555577684     
   6.9046409078964119     
   6.9056772349451787     
   6.9071778117391700     
   6.9089107008645900     
   6.9105571597069790     
   6.9124212251842287     
   6.9133164366144397     
   6.9147019399412297     
   6.9158001787721970     
   6.9164945948207590     
   6.9184115021768724     
   6.9190160170663031     
   6.9203010077157598     
   6.9221487610204449     
   6.9243549932659558     
   6.9250650986050699     
   6.9253652344044383     
   6.9257971111179026     
   6.9284959109262161     
   6.9294069253766182     
   6.9300449944870683     
   6.9312109581890615     
   6.9320809099535285     
   6.9325282789735798     
   6.9330047272020465     
   6.9352540758378094     
   6.9372977508104983     
   6.9392169029764252     
   6.9403607444573119     
   6.9413585038713608     
   6.9429913939175183     
   6.9447440547681820     
   6.9456448115070142     
   6.9469308248669472     
   6.9478775914996014     
   6.9483367017834983     
   6.9499240112738274     
   6.9505064880702152     
   6.9509550308568242     
   6.9533831234212728     
   6.9546636520728846     
   6.9562772485480586     
   6.9571190759720603     
   6.9586357405552537     
   6.9593613200352875     
   6.9604305748308901     
   6.9612056203385171     
   6.9623465670420241     
   6.9631979911705839     
   6.9650731818677629     
   6.9666243466994366     
   6.9683949826607670     
   6.9699916197588720     
   6.9709375851990805     
   6.9722686984472872     
   6.9736768347170388     
   6.9750375575974122     
   6.9763519803511835     
   6.9775150598126663     
   6.9795552556819764     
   6.9797424852685968     
   6.9808380020156919     
   6.9817212436081375     
   6.9827108411724597     
   6.9833190936622680     
   6.9853910711839999     
   6.9870444036328605     
   6.9877300667095845     
   6.9891885278160721     
   6.9912264762620628     
   6.9923502826049058     
   6.9934908699361200     
   6.9952604253904873     
   6.9968209102341010     
   6.9972243459718007     
   6.9973733342727709     
   6.9993490447356548     
   7.0004566851666734     
   7.0016385520740050     
   7.0024866468348650     
   7.0045477014246460     
   7.0049160757092936     
   7.0077126336394322     
   7.0093714698677880     
   7.0095373840414679     
   7.0109282418240193     
   7.0131118168101132     
   7.0146849392317003     
   7.0150969732563171     
   7.0160073851604770     
   7.0173532120619520     
   7.0197812961500103     
   7.0199134901743045     
   7.0214446911570469     
   7.0228707048711323     
   7.0247103313889330     
   7.0262329323107426     
   7.0271932168375049     
   7.0273542380766072     
   7.0291058454075896     
   7.0315656809046363     
   7.0331877099797655     
   7.0335382753765039     
   7.0354795442687106     
   7.0376924904353473     
   7.0386394829751584     
   7.0403343729965222     
   7.0410377124411054     
   7.0435479801943828     
   7.0446635992644326     
   7.0455827618562674     
   7.0460623482100964     
   7.0475298604687264     
   7.0487591565231789     
   7.0500247734034369     
   7.0506868996107812     
   7.0529111565724847     
   7.0547042770355359     
   7.0560617495313629     
   7.0568019713102483     
   7.0582959929261024     
   7.0593311714280178     
   7.0609484631583337     
   7.0614101468941586     
   7.0622385587169596     
   7.0624198867814734     
   7.0648530891563261     
   7.0653070766720889     
   7.0679639751230239     
   7.0684783844018799     
   7.0706658004283760     
   7.0728466102160734     
   7.0744511750805854     
   7.0770310595497934     
   7.0786473534953602     
   7.0794363679611525     
   7.0795804294463354     
   7.0803412424234837     
   7.0845345409852643     
   7.0858964471776318     
   7.0868914002067456     
   7.0874698872048469     
   7.0881392239563477     
   7.0908700714490598     
   7.0915108877029986     
   7.0927373508177949     
   7.0952983193615680     
   7.0962215066618128     
   7.0978158380497369     
   7.0997141193493167     
   7.1009496797627252     
   7.1012560157306908     
   7.1033708830236471     
   7.1035167045606000     
   7.1043998927457706     
   7.1057739512526643     
   7.1084441330825179     
   7.1098343750031958     
   7.1104044713019245     
   7.1135183216897300     
   7.1143839010597718     
   7.1157164209819399     
   7.1183478317517084     
   7.1190817512148454     
   7.1206345994612690     
   7.1219116272605358     
   7.1246877601932175     
   7.1255159864612327     
   7.1266261565197091     
   7.1288681768171207     
   7.1302328838194535     
   7.1306559886253469     
   7.1318832731753261     
   7.1332144885145139     
   7.1347671982760872     
   7.1348908509247009     
   7.1374721312717666     
   7.1405775529170992     
   7.1423118927275757     
   7.1434899244129060     
   7.1446944535732824     
   7.1454220326790185     
   7.1475710528161587     
   7.1478702312826625     
   7.1484229304524325     
   7.1510507464685427     
   7.1532454429393004     
   7.1543210546658624     
   7.1550277552968353     
   7.1572653575256329     
   7.1580413768735358     
   7.1581368487050838     
   7.1599494546378981     
   7.1603089736551659     
   7.1635627373756234     
   7.1668171019521862     
   7.1682671632697437     
   7.1692419322135619     
   7.1718393896737753     
   7.1736779651110130     
   7.1747182000213456     
   7.1754776375441436     
   7.1762179727021937     
   7.1787509737241288     
   7.1807205277463035     
   7.1819899420097482     
   7.1838482470476137     
   7.1852765004383388     
   7.1864256539513836     
   7.1894690377171786     
   7.1906498248660009     
   7.1907830707405829     
   7.1931038345879195     
   7.1935377425569200     
   7.1949624074837075     
   7.1969025036426446     
   7.1974339389854602     
   7.2000916268396233     
   7.2013287896752765     
   7.2019784219301943     
   7.2024757721472756     
   7.2050721326386142     
   7.2071439060697520     
   7.2086680154067873     
   7.2091785270261237     
   7.2121775237162788     
   7.2133073492808109     
   7.2138818363955624     
   7.2148280660797157     
   7.2167241678435667     
   7.2180875536291751     
   7.2224251225812255     
   7.2234750530028782     
   7.2245623516549591     
   7.2273238249466418     
   7.2284726701003379     
   7.2294075734558589     
   7.2298935355686584     
   7.2323217987269555     
   7.2331380124063109     
   7.2345881697562042     
   7.2364758095994155     
   7.2373722423231417     
   7.2408884854414977     
   7.2422285598185043     
   7.2433194625634210     
   7.2447047208867064     
   7.2465990471740840     
   7.2491545617935023     
   7.2502909339629733     
   7.2524486365366601     
   7.2532857182771329     
   7.2553098916554140     
   7.2578637256063896     
   7.2594371149643502     
   7.2613779884406844     
   7.2632634954262061     
   7.2636617657823725     
   7.2657511470214953     
   7.2684796907640798     
   7.2710672930276923     
   7.2727199593663689     
   7.2730769294761837     
   7.2744846094651798     
   7.2762008572537571     
   7.2778016834316208     
   7.2800911183236714     
   7.2827905258352255     
   7.2844355843653679     
   7.2851802707126492     
   7.2872419615185073     
   7.2895971984599681     
   7.2908639070915333     
   7.2918752096081407     
   7.2933133106724739     
   7.2962323863670244     
   7.2971310306836434     
   7.2995129588243621     
   7.2997156008603863     
   7.3029582430814868     
   7.3043890096094275     
   7.3068192285051570     
   7.3072895418455115     
   7.3076008619947057     
   7.3106232211314355     
   7.3116475600749613     
   7.3145158778728199     
   7.3156662469782123     
   7.3171493491865816     
   7.3184416619926953     
   7.3212311323263997     
   7.3229042526978478     
   7.3245447313281575     
   7.3255581303622730     
   7.3269347473088722     
   7.3314089923557484     
   7.3324616428269467     
   7.3342622411115581     
   7.3352576405178702     
   7.3369529578549217     
   7.3398324776347046     
   7.3406684869752201     
   7.3414988783449955     
   7.3481352028004414     
   7.3486562661521209     
   7.3490275351061154     
   7.3526020818279880     
   7.3537378960928184     
   7.3562402685187598     
   7.3571741366225281     
   7.3598482330136532     
   7.3611171550995147     
   7.3627185832718380     
   7.3644998835248527     
   7.3654928877163428     
   7.3700053618701808     
   7.3723693773609469     
   7.3737638984272467     
   7.3762935405754444     
   7.3780465606130790     
   7.3804525906212559     
   7.3826843901103052     
   7.3838581240528871     
   7.3859507698284483     
   7.3871305437280954     
   7.3888519897708873     
   7.3901494565419554     
   7.3926642692813154     
   7.3947112104386479     
   7.3976272549812556     
   7.3990880483217714     
   7.4003054753649460     
   7.4038696926968273     
   7.4060992603850417     
   7.4078112103509408     
   7.4090196448000105     
   7.4122614528958168     
   7.4151559709018642     
   7.4170943429115921     
   7.4201326829004159     
   7.4216041277544686     
   7.4245923169371428     
   7.4250335082409284     
   7.4271832771012170     
   7.4308823175299858     
   7.4325786111999621     
   7.4333878357630008     
   7.4359243267954724     
   7.4368591154444275     
   7.4386061604112310     
   7.4430117051398055     
   7.4458047644831789     
   7.4466583156399659     
   7.4480280921419855     
   7.4530826688651004     
   7.4544852779494395     
   7.4572347669729995     
   7.4599202447558719     
   7.4617755403273174     
   7.4634601387433950     
   7.4642439154118572     
   7.4667154179982829     
   7.4690857879092372     
   7.4723626141809438     
   7.4756171362366572     
   7.4773852475150031     
   7.4813351862369624     
   7.4819189482356832     
   7.4845100509205071     
   7.4881879415253705     
   7.4890558315716627     
   7.4918883406560788     
   7.4944522060140155     
   7.4965756573465594     
   7.5000176992013072     
   7.5009827256638655     
   7.5039573482837376     
   7.5050920989622956     
   7.5096497167787595     
   7.5117073982862550     
   7.5139488121776861     
   7.5171406624843122     
   7.5195723630717088     
   7.5224795257131811     
   7.5241332533192358     
   7.5290680337038527     
   7.5295236309160014     
   7.5311756622353521     
   7.5328757002559072     
   7.5347701602161337     
   7.5381971401511416     
   7.5411893288457970     
   7.5458540640908680     
   7.5507306943024650     
   7.5512172002385984     
   7.5550812396558298     
   7.5591500700893661     
   7.5601739289564307     
   7.5630941491549368     
   7.5662010424215804     
   7.5678238513980549     
   7.5697668189111589     
   7.5751394328034207     
   7.5765883522900390     
   7.5773228175959400     
   7.5801844475718259     
   7.5862022675039213     
   7.5886967118819673     
   7.5897703785379980     
   7.5913973543075262     
   7.5938197614949763     
   7.5983866671071283     
   7.5991044709762550     
   7.6005613089878814     
   7.6046882003520260     
   7.6103073554039105     
   7.6123177027454956     
   7.6141016444821918     
   7.6160673234619498     
   7.6203396866748099     
   7.6209407610133884     
   7.6253370080296348     
   7.6300533936926245     
   7.6318014623178811     
   7.6321989869445037     
   7.6382023512456882     
   7.6417302065388899     
   7.6469855931239312     
   7.6517991466060744     
   7.6526420853614585     
   7.6561081416329415     
   7.6593797128142231     
   7.6631316464585604     
   7.6652775590903843     
   7.6680703823475875     
   7.6690170764434038     
   7.6710947775161111     
   7.6777618888482966     
   7.6828476744814225     
   7.6877829022986077     
   7.6896244918555148     
   7.6930049781035610     
   7.6947914141284057     
   7.7009218223254035     
   7.7042052728267896     
   7.7072287828188806     
   7.7127269799243949     
   7.7176379347114219     
   7.7229859461889045     
   7.7236871571263688     
   7.7282108850146249     
   7.7291098831624838     
   7.7370363070015653     
   7.7393238181209663     
   7.7419815698082264     
   7.7436558773002906     
   7.7453371974395901     
   7.7532926783598199     
   7.7577600724469535     
   7.7594310113494345     
   7.7651066120306380     
   7.7669131101792610     
   7.7715934514767744     
   7.7763371965568320     
   7.7812482534801299     
   7.7857418768369886     
   7.7940124447390664     
   7.7968837627811745     
   7.8005824291504444     
   7.8086261977250651     
   7.8166823134270347     
   7.8197158100965201     
   7.8231404744454149     
   7.8306823317347627     
   7.8401637991732143     
   7.8434961092614399     
   7.8450727329079140     
   7.8463322834280209     
   7.8580361698999068     
   7.8614425095635916     
   7.8655112450022671     
   7.8671037248770039     
   7.8758179319506070     
   7.8820122546718734     
   7.8870143160277744     
   7.8911718738899950     
   7.8980552464920830     
   7.9035089765015432     
   7.9136992269284683     
   7.9151266543089243     
   7.9188650936253326     
