  0.50000000000000000        6.8545995527917827E-004
  0.50000000000000000        9.7682355277759923E-004
  0.50000000000000000        9.7123871882260780E-004
  0.50000000000000000        1.1763074761398798E-003
  0.50000000000000000        1.3566114939338786E-003
  0.50000000000000000        1.5789090049981649E-003
  0.50000000000000000        2.2913722558141857E-003
  0.50000000000000000        1.4480652999720684E-003
  0.50000000000000000        1.2176775721204360E-003
  0.50000000000000000        1.3510816232748290E-003
  0.50000000000000000        1.6125264902384934E-003
  0.50000000000000000        1.7114579544757779E-003
  0.50000000000000000        1.5750099445422810E-003
  0.50000000000000000        1.9284805739058393E-003
  0.50000000000000000        1.9372775025656317E-003
  0.50000000000000000        1.5067904312404338E-003
  0.50000000000000000        1.9792535516462151E-003
  0.50000000000000000        2.4321416967186854E-003
  0.50000000000000000        1.9121119280999044E-003
  0.50000000000000000        1.6921496262522768E-003
  0.50000000000000000        1.5421499181319477E-003
  0.50000000000000000        2.1467199249919069E-003
  0.50000000000000000        2.0261106940175316E-003
  0.50000000000000000        1.3409004414949362E-003
  0.50000000000000000        1.6846305425638726E-003
  0.50000000000000000        2.3316202911991364E-003
  0.50000000000000000        1.0652740054341223E-003
  0.50000000000000000        1.8871324335758648E-003
  0.50000000000000000        1.3173001985316236E-003
  0.50000000000000000        1.3672673991846700E-003
  0.50000000000000000        2.2823110373318607E-003
  0.50000000000000000        2.0154017184232488E-003
  0.50000000000000000        1.1192889799874158E-003
  0.50000000000000000        1.5254417118970283E-003
  0.50000000000000000        1.6255296215334737E-003
  0.50000000000000000        1.1643854936836057E-003
  0.50000000000000000        1.4232359816664735E-003
  0.50000000000000000        8.7210577939474219E-004
  0.50000000000000000        1.8137374286661691E-003
  0.50000000000000000        1.0686333296348915E-003
  0.50000000000000000        1.2312428269405050E-003
  0.50000000000000000        1.6922084057987240E-003
  0.50000000000000000        2.1287956742838520E-003
  0.50000000000000000        1.0161019985540278E-003
  0.50000000000000000        1.0403948244059752E-003
  0.50000000000000000        6.3363532836339476E-004
  0.50000000000000000        6.8048427101457328E-004
  0.50000000000000000       -9.0357247216668343E-006
  0.50000000000000000        1.3616893512655873E-003
  0.50000000000000000        7.4301145230897523E-004
  0.50000000000000000        3.9851890416783364E-004
  0.50000000000000000        1.1585681527999886E-004
  0.50000000000000000       -2.1429482059744558E-003
  0.50000000000000000       -7.4943622182406825E-004
  0.50000000000000000        3.4549240679214823E-004
  0.50000000000000000        5.6036063204458722E-004
  0.50000000000000000       -9.3960192775377363E-004
  0.50000000000000000       -4.0578839150776330E-004
  0.50000000000000000       -3.5103304662250848E-004
  0.50000000000000000        9.8638824721605052E-004
  0.50000000000000000       -5.5652885355583206E-004
  0.50000000000000000       -3.0413554751690880E-003
  0.50000000000000000       -2.4721772014103943E-003
  0.50000000000000000        3.8237879576568843E-004
  0.50000000000000000       -1.9767926740711601E-004
  0.50000000000000000       -2.1903695016436929E-003
  0.50000000000000000       -1.7653805188553836E-003
  0.50000000000000000       -1.4374724444662782E-003
  0.50000000000000000       -2.3260307889854518E-003
  0.50000000000000000       -2.8072209333494650E-003
  0.50000000000000000       -1.8789822224850497E-003
  0.50000000000000000       -2.7847405162996328E-003
  0.50000000000000000       -6.4899702227016846E-004
  0.50000000000000000       -2.0875986113905918E-003
  0.50000000000000000       -2.0796686958538930E-003
  0.50000000000000000       -2.2527335216709376E-003
  0.50000000000000000       -2.6101883004455463E-003
  0.50000000000000000       -2.3842540050473780E-003
  0.50000000000000000       -2.4380595523714175E-003
  0.50000000000000000       -2.5846222884951735E-003
  0.50000000000000000       -4.4338767468533350E-003
  0.50000000000000000       -4.1800190266079399E-003
  0.50000000000000000       -5.5245120825266657E-003
  0.50000000000000000       -4.0385219843550764E-003
  0.50000000000000000       -4.7420199703227597E-003
  0.50000000000000000       -1.4963669781968918E-003
  0.50000000000000000       -4.3934554792336425E-003
  0.50000000000000000       -4.0445461521781212E-003
  0.50000000000000000       -3.0003672480722978E-003
  0.50000000000000000       -3.9449405402346028E-003
  0.50000000000000000       -4.3818712881112101E-003
  0.50000000000000000       -1.8193440207113956E-003
  0.50000000000000000       -7.5198453738828325E-003
  0.50000000000000000       -8.9848691615747669E-003
  0.50000000000000000       -9.1546064827384126E-003
  0.50000000000000000       -9.1696725963161686E-003
  0.50000000000000000       -9.6844120795995421E-003
  0.50000000000000000       -7.8724523550912900E-003
  0.50000000000000000       -4.9276252835967491E-003
  0.50000000000000000       -3.4968572811003538E-003
  0.50000000000000000       -4.6957315909797476E-003
  0.50000000000000000       -4.1881616689448684E-003
  0.50000000000000000       -5.5591292636444998E-003
  0.50000000000000000       -4.3644333356223988E-003
  0.50000000000000000       -4.8780674473677460E-003
  0.50000000000000000       -5.6317056727554528E-003
  0.50000000000000000       -1.1560578483039688E-002
  0.50000000000000000       -1.0711216266842490E-002
  0.50000000000000000       -1.1161002366776513E-002
  0.50000000000000000       -9.8226760163482515E-003
  0.50000000000000000       -1.3037373003125609E-002
  0.50000000000000000       -1.1652987747633440E-002
  0.50000000000000000       -8.3708185789519093E-003
  0.50000000000000000       -8.1832057531159227E-003
  0.50000000000000000       -7.0210120277884487E-003
  0.50000000000000000       -5.9084404402244299E-003
  0.50000000000000000       -6.6630335404488815E-003
  0.50000000000000000       -6.4797274001192912E-003
  0.50000000000000000       -6.3880614352620907E-003
  0.50000000000000000       -8.8115868396431395E-003
  0.50000000000000000       -1.2501761146090922E-002
  0.50000000000000000       -1.3507099913986399E-002
  0.50000000000000000       -1.5030225219532308E-002
  0.50000000000000000       -1.5194236194895596E-002
  0.50000000000000000       -1.3760213661241095E-002
  0.50000000000000000       -1.4908368794000298E-002
  0.50000000000000000       -1.0782866595659328E-002
  0.50000000000000000       -1.2833559371337962E-002
  0.50000000000000000       -1.1666665451933416E-002
  0.50000000000000000       -1.2157604517179732E-002
  0.50000000000000000       -1.2221411994234477E-002
  0.50000000000000000       -1.0282075162232200E-002
  0.50000000000000000       -1.0107114329340685E-002
  0.50000000000000000       -1.0810157651020540E-002
  0.50000000000000000       -1.1136635099400714E-002
  0.50000000000000000       -1.4391510027786865E-002
  0.50000000000000000       -1.6332719523141515E-002
  0.50000000000000000       -1.6562595265983297E-002
  0.50000000000000000       -1.8414705932159218E-002
  0.50000000000000000       -1.6027671200213318E-002
  0.50000000000000000       -1.7961214491119988E-002
  0.50000000000000000       -2.0058155270400540E-002
  0.50000000000000000       -1.8822051487569144E-002
  0.50000000000000000       -1.8977816962178928E-002
  0.50000000000000000       -1.8116286565145457E-002
  0.50000000000000000       -1.8359956757779353E-002
  0.50000000000000000       -1.7164413086521696E-002
  0.50000000000000000       -1.7803318165381037E-002
  0.50000000000000000       -1.5680026629408945E-002
  0.50000000000000000       -1.5759971973997231E-002
