           1   1.8025551931028307E-005   0.0000000000000000     
           2   1.9580758524548602E-004   0.0000000000000000     
           3   4.9667929345005720E-004   0.0000000000000000     
           4   5.5895478422415574E-004   0.0000000000000000     
           5   9.9931683875754008E-004   0.0000000000000000     
           6   1.7106543930797951E-003   0.0000000000000000     
           7   2.2443703813215116E-003   0.0000000000000000     
           8   8.1798622293647043E-004   0.0000000000000000     
           9   1.3322899638167156E-003   0.0000000000000000     
          10   1.8745637061792124E-003   0.0000000000000000     
          11   1.4941948828917286E-003   0.0000000000000000     
          12   2.1936286159103895E-003   0.0000000000000000     
          13   2.1251493805897613E-003   0.0000000000000000     
          14   2.8186505808373299E-003   0.0000000000000000     
          15   3.2013008588717474E-003   0.0000000000000000     
          16   3.2614004748394479E-003   0.0000000000000000     
          17   2.4835417243069540E-003   0.0000000000000000     
          18   4.4079912779037790E-003   0.0000000000000000     
          19   3.8688814870284443E-003   0.0000000000000000     
          20   3.6198979328493858E-003   0.0000000000000000     
          21   5.5795580229725033E-003   0.0000000000000000     
          22   5.5080035744765332E-003   0.0000000000000000     
          23   4.7364746806370104E-003   0.0000000000000000     
          24   3.3946162657157914E-003   0.0000000000000000     
          25   6.2519430691366498E-003   0.0000000000000000     
          26   6.5391291573240725E-003   0.0000000000000000     
          27   4.5474862463199513E-003   0.0000000000000000     
          28   3.8819900114417101E-003   0.0000000000000000     
          29   9.0752067009975557E-003   0.0000000000000000     
          30   5.3468508693490764E-003   0.0000000000000000     
          31   7.9975660912584498E-003   0.0000000000000000     
          32   5.1111964919397304E-003   0.0000000000000000     
          33   4.9927313891785473E-003   0.0000000000000000     
          34   1.0203323572963580E-002   0.0000000000000000     
          35   6.3278861136461537E-003   0.0000000000000000     
          36   6.9703281875225171E-003   0.0000000000000000     
          37   6.5191824481258872E-003   0.0000000000000000     
          38   6.6128478680344740E-003   0.0000000000000000     
          39   1.2854298778864667E-002   0.0000000000000000     
          40   7.1864643229427264E-003   0.0000000000000000     
          41   7.6354858597387516E-003   0.0000000000000000     
          42   8.1688618480973661E-003   0.0000000000000000     
          43   7.8657364119149396E-003   0.0000000000000000     
          44   8.2594532440180470E-003   0.0000000000000000     
          45   7.4379635431607270E-003   0.0000000000000000     
          46   1.0120393090746202E-002   0.0000000000000000     
          47   1.0396205768119383E-002   0.0000000000000000     
          48   9.1988207803224888E-003   0.0000000000000000     
          49   9.0771422444390314E-003   0.0000000000000000     
          50   9.5660479398926718E-003   0.0000000000000000     
          51   9.3249129679562111E-003   0.0000000000000000     
          52   9.6801486653160691E-003   0.0000000000000000     
          53   1.3350318973184205E-002   0.0000000000000000     
          54   1.2624723012695717E-002   0.0000000000000000     
          55   1.2414392474147651E-002   0.0000000000000000     
          56   9.8448762790584385E-003   0.0000000000000000     
          57   1.0991189462715966E-002   0.0000000000000000     
          58   1.1502029872812512E-002   0.0000000000000000     
          59   1.1700149521315109E-002   0.0000000000000000     
          60   1.0513638169309487E-002   0.0000000000000000     
          61   1.5116634868479546E-002   0.0000000000000000     
          62   1.4280138647482513E-002   0.0000000000000000     
          63   1.2764811977153663E-002   0.0000000000000000     
          64   1.3242468765093593E-002   0.0000000000000000     
          65   1.4250565094830529E-002   0.0000000000000000     
          66   1.4852922643235667E-002   0.0000000000000000     
          67   1.4545073891506452E-002   0.0000000000000000     
          68   1.4129507713344459E-002   0.0000000000000000     
          69   1.5730848475506959E-002   0.0000000000000000     
          70   1.2795296785646821E-002   0.0000000000000000     
          71   1.4005520699177905E-002   0.0000000000000000     
          72   1.7524788729826036E-002   0.0000000000000000     
          73   1.6121363483676460E-002   0.0000000000000000     
          74   1.5770173619056783E-002   0.0000000000000000     
          75   1.6014650421234566E-002   0.0000000000000000     
          76   1.6404151315383583E-002   0.0000000000000000     
          77   1.5563434771106647E-002  -1.9835298463404257E-004
          78   1.6093100748134737E-002   1.9824626284910133E-004
          79   1.3506313311918169E-002   0.0000000000000000     
          80   1.3897020439894469E-002   0.0000000000000000     
          81   1.7469613211788158E-002   0.0000000000000000     
          82   2.0464855544179480E-002   0.0000000000000000     
          83   2.0488894935046392E-002   0.0000000000000000     
          84   2.0325474409868972E-002   0.0000000000000000     
          85   1.7189088747391088E-002   0.0000000000000000     
          86   1.6502387606301055E-002   0.0000000000000000     
          87   1.8912023957705245E-002   0.0000000000000000     
          88   1.9009024604971669E-002   0.0000000000000000     
          89   1.5484061667378396E-002  -2.5084977099893785E-004
          90   1.6434551107425921E-002   2.5060759101069239E-004
          91   1.6417908785683846E-002   0.0000000000000000     
          92   1.4990982361787060E-002   2.2518413365695968E-004
          93   2.3295204087685609E-002  -2.2328569522486744E-004
          94   2.3495344255229544E-002   0.0000000000000000     
          95   2.2825525347345960E-002   0.0000000000000000     
          96   2.2738589806232761E-002   1.7913563345520880E-005
          97   2.3246280194186706E-002  -1.7904257192807121E-005
          98   2.1358365451299214E-002   0.0000000000000000     
          99   1.9241243363293501E-002   0.0000000000000000     
         100   1.9472154727244478E-002   0.0000000000000000     
         101   2.0635194606971000E-002   0.0000000000000000     
         102   2.1222810094040562E-002   0.0000000000000000     
         103   1.9072716820761212E-002   0.0000000000000000     
         104   1.7464588926579774E-002   0.0000000000000000     
         105   1.7877095972091438E-002   0.0000000000000000     
         106   1.9256457273497722E-002   0.0000000000000000     
         107   2.3692336449748892E-002   0.0000000000000000     
         108   2.4415809122471308E-002   0.0000000000000000     
         109   2.3593900180663430E-002   0.0000000000000000     
         110   2.3099608142426065E-002   0.0000000000000000     
         111   2.4166583837372854E-002   0.0000000000000000     
         112   2.4328985613795675E-002   0.0000000000000000     
         113   2.4681108340357985E-002   0.0000000000000000     
         114   2.2742317797463326E-002   0.0000000000000000     
         115   2.1443262139344027E-002   0.0000000000000000     
         116   2.0787257784376959E-002   0.0000000000000000     
         117   2.1419415628486670E-002  -2.2895352169506115E-004
         118   2.1666943032026691E-002   2.2889560896752331E-004
         119   2.1075094552641910E-002   2.4068618767449960E-004
         120   2.3462796718096934E-002  -2.4009912841356179E-004
         121   2.8311145280283934E-002   0.0000000000000000     
         122   2.8074700484991243E-002   0.0000000000000000     
         123   2.8129912550311560E-002   0.0000000000000000     
         124   2.7939440664080720E-002   0.0000000000000000     
         125   2.5906720136328287E-002   0.0000000000000000     
         126   2.5587973729769641E-002   0.0000000000000000     
         127   2.5443513397089251E-002   0.0000000000000000     
         128   2.4844639875166209E-002   0.0000000000000000     
         129   2.5474322719469165E-002   1.1663220805411000E-004
         130   2.5958403047774178E-002  -1.1657427283610394E-004
         131   2.5764971954428638E-002   0.0000000000000000     
         132   2.5201368523022013E-002   0.0000000000000000     
         133   2.5264814845100927E-002  -6.3793795920248934E-004
         134   2.7276146055641732E-002   6.3662159702815291E-004
         135   2.6324041253354646E-002   0.0000000000000000     
         136   2.8892828918701079E-002   0.0000000000000000     
         137   3.0013081991379715E-002   0.0000000000000000     
         138   2.8832801387042795E-002   0.0000000000000000     
         139   3.0578375981718930E-002   0.0000000000000000     
         140   3.0442157359952194E-002   0.0000000000000000     
         141   3.0607777845839259E-002   6.7047765505008617E-004
         142   3.2741523512942267E-002  -6.6900185530808566E-004
         143   3.0477954469325906E-002   0.0000000000000000     
         144   2.9647971014219864E-002   0.0000000000000000     
         145   2.9624928582340129E-002   2.7647328702218999E-004
         146   2.9865742720862003E-002  -2.7640467574145986E-004
         147   2.8971296023884312E-002   0.0000000000000000     
         148   2.8748567616535922E-002   0.0000000000000000     
         149   2.7918309204645744E-002  -2.0657036646927509E-004
         150   2.7997260569893861E-002   2.0655358905992052E-004
         151   2.7354578762414407E-002  -5.4100803631156947E-004
         152   2.7591414581736744E-002   5.4087630271292995E-004
         153   2.8893534697937467E-002   0.0000000000000000     
         154   2.8002635637953060E-002   0.0000000000000000     
         155   2.8066106229449259E-002   0.0000000000000000     
         156   3.0177154179845535E-002  -2.6646769582702181E-004
         157   3.3685248946707200E-002   2.6550381470863264E-004
         158   3.3005555584640890E-002   0.0000000000000000     
         159   3.3011385332296347E-002   0.0000000000000000     
         160   3.1269151306621480E-002   8.0623324641739154E-005
         161   3.2123231037791508E-002  -8.0552243239171112E-005
         162   3.3344307969641947E-002   0.0000000000000000     
         163   3.2710815012208176E-002   0.0000000000000000     
         164   3.3059385012718358E-002   0.0000000000000000     
         165   3.2586161273150213E-002   0.0000000000000000     
         166   3.2064051333213578E-002   0.0000000000000000     
         167   3.1619341790071955E-002   0.0000000000000000     
         168   3.1239040837470783E-002   0.0000000000000000     
         169   3.0840130504084001E-002  -6.3661852470602237E-004
         170   3.1688340150159727E-002   6.3606135556342565E-004
         171   3.1103688997621354E-002   0.0000000000000000     
         172   3.1084446006840738E-002  -5.7471962786677377E-004
         173   3.1700341799457792E-002   5.7435430459450414E-004
         174   3.4064070313232254E-002   0.0000000000000000     
         175   3.5401615284910253E-002   0.0000000000000000     
         176   3.4803726135401558E-002   0.0000000000000000     
         177   3.5641969600561083E-002   0.0000000000000000     
         178   3.4067719474474928E-002   0.0000000000000000     
         179   3.3288405804054517E-002  -5.1318999083604976E-004
         180   3.3897386735741726E-002   5.1286670629014351E-004
         181   3.4705650363705355E-002   0.0000000000000000     
         182   3.4937513652209810E-002   0.0000000000000000     
         183   3.5040559660989776E-002   0.0000000000000000     
         184   3.4617891576696765E-002   1.0323614050473701E-003
         185   3.5223555170665541E-002  -1.0317137198319511E-003
         186   3.5253936629497398E-002   0.0000000000000000     
         187   3.5832231264574285E-002   0.0000000000000000     
         188   3.5523180958346126E-002   0.0000000000000000     
         189   3.5156150130534039E-002   0.0000000000000000     
         190   3.4728123969490994E-002  -4.1291865503083070E-004
         191   3.4728136684183390E-002   4.1291864959181016E-004
         192   3.4540487640043811E-002   0.0000000000000000     
         193   3.4509921043973310E-002   0.0000000000000000     
         194   3.3637521824604603E-002   0.0000000000000000     
         195   3.3634494674957396E-002   0.0000000000000000     
         196   3.4254153769906072E-002   0.0000000000000000     
         197   3.7419588595052816E-002  -1.2787317265352946E-003
         198   3.7419606768918201E-002   1.2787317023923779E-003
         199   3.7898527313615524E-002   0.0000000000000000     
         200   3.7781881994642129E-002  -1.0183661899410129E-003
         201   3.8972432016803164E-002   1.0171061680527165E-003
         202   3.9220240557795306E-002   0.0000000000000000     
         203   3.8718217278321053E-002   2.3414010511913731E-003
         204   3.8940902194063862E-002  -2.3408586559175034E-003
         205   3.9767885829845542E-002   6.8060490741993229E-004
         206   4.0877768374553564E-002  -6.7981823147414704E-004
         207   4.0553556755349329E-002  -2.8261471328247252E-004
         208   4.0553556810407933E-002   2.8261471326625448E-004
         209   4.0144065318215502E-002   1.4770078542436526E-003
         210   4.0734633358061129E-002  -1.4760990995005710E-003
         211   4.0869656000966238E-002   6.1363386003937222E-004
         212   4.1164538375968375E-002  -6.1344519974813839E-004
         213   4.0900050331400241E-002   0.0000000000000000     
         214   3.9165308368282713E-002  -4.3766002732610978E-004
         215   3.9604058055047735E-002   4.3746017692356779E-004
         216   4.0005503671358765E-002   0.0000000000000000     
         217   3.8238218181146005E-002   0.0000000000000000     
         218   3.8235136262751754E-002   0.0000000000000000     
         219   3.8608770169407024E-002   0.0000000000000000     
         220   3.8948054064852106E-002   1.6203007509939242E-003
         221   4.0486646519244225E-002  -1.6177067366746473E-003
         222   4.1634611009984605E-002   0.0000000000000000     
         223   4.1381763921132339E-002   0.0000000000000000     
         224   4.2329401575022553E-002   0.0000000000000000     
         225   4.2703724453008941E-002  -1.1758221003667472E-003
         226   4.2994655335296943E-002   1.1754647575358892E-003
         227   4.2376778553829000E-002   0.0000000000000000     
         228   4.2453884624041476E-002   0.0000000000000000     
         229   4.2340934261557724E-002   1.1312463036185186E-003
         230   4.3066758990812130E-002  -1.1303889144166415E-003
         231   4.3958827247361373E-002   0.0000000000000000     
         232   4.3501938412968441E-002  -2.4925587921116642E-004
         233   4.3936212849923870E-002   2.4914271070518675E-004
         234   4.2999741828826113E-002   0.0000000000000000     
         235   4.3007639522563888E-002   0.0000000000000000     
         236   4.1786397036147588E-002  -1.2204793451356815E-003
         237   4.2438037691567926E-002   1.2196493486109701E-003
         238   4.2237078693814781E-002   0.0000000000000000     
         239   4.2607283692508442E-002  -8.4960239541266949E-004
         240   4.3542210165988131E-002   8.4877272984505724E-004
         241   4.3354579785089102E-002   0.0000000000000000     
         242   4.2052253364812962E-002  -1.3992072402635933E-003
         243   4.2701542348850013E-002   1.3982588692791848E-003
         244   4.2889420938773348E-002   0.0000000000000000     
         245   4.2225737863673694E-002   1.8337030416368766E-003
         246   4.2513913912873444E-002  -1.8331513152866966E-003
         247   4.3189388573516292E-002   6.4505223942328222E-004
         248   4.3624327661501337E-002  -6.4475901688857470E-004
         249   4.4034681819668110E-002   2.6792690390843761E-004
         250   4.4106363711455196E-002  -2.6790681373678850E-004
         251   4.3379104827479337E-002  -1.0124487520653661E-003
         252   4.3447151575932492E-002   1.0123767341469814E-003
         253   4.3464368386524413E-002  -3.7135820749250063E-004
         254   4.4323505220600135E-002   3.7102466266244035E-004
         255   4.4187519930880589E-002   0.0000000000000000     
         256   4.5222397790224217E-002   0.0000000000000000     
         257   4.4801538238221215E-002   9.1500269979187239E-004
         258   4.5229378776267294E-002  -9.1459286323636671E-004
         259   4.5005370147806908E-002   1.2440414714863341E-003
         260   4.6002209120482446E-002  -1.2427429207053794E-003
         261   4.4213434405917441E-002   1.0624818647006829E-003
         262   4.4288314027381578E-002  -1.0623986262008910E-003
         263   4.6057902703372317E-002  -1.0374437131398863E-004
         264   4.6341691604202637E-002   1.0371350832850350E-004
         265   4.5260743161430750E-002   1.1723456404021905E-003
         266   4.6324393599126205E-002  -1.1710395602922414E-003
         267   4.6853113414243600E-002   5.0896542290234075E-004
         268   4.6987376880961128E-002  -5.0889372832611118E-004
         269   4.4612086100504704E-002   0.0000000000000000     
         270   4.4533373906169890E-002  -1.1544409689479979E-003
         271   4.5383423929405912E-002   1.1534138974149074E-003
         272   4.4452659096143161E-002   0.0000000000000000     
         273   4.3799125542562344E-002   1.1539326341207506E-003
         274   4.4365722756964737E-002  -1.1532488708722885E-003
         275   4.3575849096409235E-002   0.0000000000000000     
         276   4.2334360689498633E-002  -7.3295822950349479E-004
         277   4.2617751514603244E-002   7.3274133372181480E-004
         278   4.2330436058143121E-002   3.1513283049314564E-004
         279   4.2755247284385740E-002  -3.1499304118669621E-004
         280   4.2177844316092929E-002  -8.1640300184070266E-004
         281   4.4723384291086216E-002   8.1423330210619795E-004
         282   4.5644765533448282E-002  -1.4956582253655384E-004
         283   4.5995738531707256E-002   1.4951081831666074E-004
         284   4.7867087774490454E-002   1.4825446013055554E-003
         285   4.8146562221252243E-002  -1.4821094379718137E-003
         286   4.8107284631027168E-002  -1.1290786837544402E-003
         287   4.8525803883843935E-002   1.1285822610384484E-003
         288   4.7750660644713852E-002   0.0000000000000000     
         289   4.7665133537545520E-002  -1.3570016285496228E-003
         290   4.8714128392141696E-002   1.3555068941067739E-003
         291   4.7505397936928484E-002   6.5617008167242043E-004
         292   4.7923372318743954E-002  -6.5588214063458264E-004
         293   4.7902629987197194E-002  -9.6095386797470401E-004
         294   4.8041857364083541E-002   9.6081334549185651E-004
         295   4.6966769842164600E-002   0.0000000000000000     
         296   4.6547025661554949E-002   0.0000000000000000     
         297   4.6160158848202716E-002   0.0000000000000000     
         298   4.6879965614690551E-002  -1.6947809990350219E-003
         299   4.6949587890889627E-002   1.6946572008705145E-003
         300   4.7119247794586497E-002   6.7567708294901329E-004
         301   4.7397381727109243E-002  -6.7547986128852606E-004
         302   4.6719254836456690E-002  -1.0303308788529022E-003
         303   4.7483641933430840E-002   1.0295047091925947E-003
         304   4.6718841894726033E-002   3.0018300971311469E-003
         305   4.7204809792728938E-002  -3.0002998108666370E-003
         306   4.6744483334449728E-002  -2.3793134399079354E-004
         307   4.7507459755450142E-002   2.3774090606296807E-004
         308   4.6404049412516239E-002   1.2779834228664006E-003
         309   4.6681409121625571E-002  -1.2776117129087460E-003
         310   4.8588155044933232E-002   2.6990467773069650E-003
         311   4.9136438467998214E-002  -2.6974913598356333E-003
         312   4.8823395651389212E-002   0.0000000000000000     
         313   5.0620158062585477E-002   1.8013265710952180E-003
         314   5.0688807902241693E-002  -1.8011963168231004E-003
         315   5.1128689298889446E-002   1.3604330463758817E-003
         316   5.1265772628660701E-002  -1.3602365047692122E-003
         317   5.0888373993899255E-002  -1.4255359847885841E-003
         318   5.1162400608735482E-002   1.4251244053815522E-003
         319   5.1595958054569402E-002  -2.4256928729560413E-003
         320   5.1667858832235930E-002   2.4255089753805010E-003
         321   5.2102244445946237E-002   0.0000000000000000     
         322   5.1547517605420402E-002  -1.8678805012413984E-003
         323   5.1820888889420678E-002   1.8673421243585687E-003
         324   5.1901850603264667E-002   0.0000000000000000     
         325   5.1558663566572058E-002   7.9654063808201451E-004
         326   5.1831540232305844E-002  -7.9631146486371215E-004
         327   5.1955642260613388E-002   1.5960429682785225E-003
         328   5.1955659299328390E-002  -1.5960429395936609E-003
         329   5.1806960906873582E-002   0.0000000000000000     
         330   5.1233083231226467E-002  -9.5271362688235483E-004
         331   5.2050384639420230E-002   9.5189292563835673E-004
         332   5.1605521696366938E-002   0.0000000000000000     
         333   5.1160428724330596E-002   0.0000000000000000     
         334   5.1681857297419621E-002   3.0561927530454208E-003
         335   5.1885909716833239E-002  -3.0555351430120660E-003
         336   5.0771439009439076E-002  -8.0229530270852672E-004
         337   5.1111630908371945E-002   8.0200776989108966E-004
         338   5.1176476838052071E-002   0.0000000000000000     
         339   4.9925903684790204E-002   9.6491882525206584E-004
         340   5.0130088030037975E-002  -9.6471145056485402E-004
         341   4.9524170186924850E-002  -7.3506413460973905E-004
         342   4.9588752435919349E-002   7.3501418899988842E-004
         343   4.9497494850386112E-002   2.9462051670165307E-003
         344   5.0109405944552196E-002  -2.9443084696195018E-003
         345   5.0210263838783520E-002  -1.8586103124225066E-003
         346   5.0413991816365245E-002   1.8582116442692866E-003
         347   5.0941843240241702E-002   3.0940611091563592E-003
         348   5.3168434789063891E-002  -3.0868021121516786E-003
         349   5.3229285987666249E-002   0.0000000000000000     
         350   5.3272437779316499E-002  -1.9568270961164169E-003
         351   5.4617117248552394E-002   1.9540477271342569E-003
         352   5.4864672973290625E-002   0.0000000000000000     
         353   5.4906081327594072E-002   5.4734910075997147E-004
         354   5.5036712661445227E-002  -5.4727344590525080E-004
         355   5.5054948467435451E-002  -1.2138422076252743E-003
         356   5.5456884765848244E-002   1.2133258948058155E-003
         357   5.4655059406022881E-002  -2.2181745342301751E-003
         358   5.4926382190048147E-002   2.2175378975230462E-003
         359   5.5246364722225619E-002   1.2358064522789791E-003
         360   5.5580675654614720E-002  -1.2353691492701451E-003
         361   5.5216111180374373E-002   0.0000000000000000     
         362   5.4797276764085988E-002   0.0000000000000000     
         363   5.4214257143838811E-002   2.8798446962796150E-003
         364   5.4682387792051403E-002  -2.8784192745341468E-003
         365   5.4103763261154264E-002   0.0000000000000000     
         366   5.4079019338530016E-002   1.2709981269268453E-003
         367   5.4479893192674683E-002  -1.2704594879409592E-003
         368   5.3949145407552489E-002   2.4709146434831720E-003
         369   5.4416520669322024E-002  -2.4696939433773565E-003
         370   5.4486447321621785E-002   0.0000000000000000     
         371   5.4382368143271020E-002   0.0000000000000000     
         372   5.4390223011710565E-002   1.4142658514168264E-003
         373   5.4790258557654375E-002  -1.4136675532332109E-003
         374   5.4329940919030421E-002   0.0000000000000000     
         375   5.4366959524368139E-002  -2.6039744177060900E-003
         376   5.4903329842920665E-002   2.6024974234301447E-003
         377   5.4549608208069547E-002   0.0000000000000000     
         378   5.4693996873254970E-002  -1.6205797362456953E-003
         379   5.4757134296238678E-002   1.6204714969793117E-003
         380   5.4635248117589928E-002   0.0000000000000000     
         381   5.3743662330771991E-002  -2.2811285606779714E-003
         382   5.4671365991717596E-002   2.2788921568277832E-003
         383   5.4772372792977031E-002  -4.6507741798178167E-004
         384   5.4908554387790479E-002   4.6501041297402533E-004
         385   5.3846355797887956E-002   0.0000000000000000     
         386   5.3711482508740679E-002   6.6136052091896546E-004
         387   5.4706949368006255E-002  -6.6066478968221040E-004
         388   5.4980717371811275E-002  -1.1448179091967411E-003
         389   5.5186162037114392E-002   1.1445690288442324E-003
         390   5.5988067958551962E-002  -2.3763231993458576E-003
         391   5.6186304187758718E-002   2.3758241872736305E-003
         392   5.7084339692853175E-002  -2.3137186211050135E-003
         393   5.7354660631223561E-002   2.3130553098300913E-003
         394   5.6391490587947818E-002  -4.4927308421159937E-004
         395   5.6786999095727181E-002   4.4908477377845931E-004
         396   5.6781068780182152E-002  -4.0375041463697903E-003
         397   5.7113406694813407E-002   4.0360815543671203E-003
         398   5.6783495355562923E-002   5.2490856953851719E-004
         399   5.6977485901940766E-002  -5.2480061203384902E-004
         400   5.7292260782123634E-002  -2.3758144125438220E-003
         401   5.7357969745987378E-002   2.3756488126480254E-003
         402   5.7458269228888838E-002   0.0000000000000000     
         403   5.6583715506146236E-002  -1.2303120685781834E-003
         404   5.6649408536538055E-002   1.2302263980958727E-003
         405   5.6717771482753414E-002   1.6099868641375172E-004
         406   5.6724468635624886E-002  -1.6099754334884236E-004
         407   5.6493872703637468E-002  -1.5053118759116250E-003
         408   5.7084223960447829E-002   1.5043700031117282E-003
         409   5.5726200970098581E-002  -1.1935945569839610E-003
         410   5.6382228793468749E-002   1.1927653152534275E-003
         411   5.6485286485525824E-002   3.4467618957944994E-003
         412   5.6612982530389599E-002  -3.4462954082502390E-003
         413   5.5978026878158504E-002  -1.3627241102995295E-003
         414   5.6567676066873747E-002   1.3618729339615213E-003
         415   5.6753165798601367E-002   0.0000000000000000     
         416   5.6778516663345151E-002  -2.3844902079324217E-003
         417   5.7040134964218302E-002   2.3838288295736075E-003
         418   5.6016860639937216E-002   0.0000000000000000     
         419   5.5832789160444818E-002  -4.8279048514297427E-003
         420   5.5966995429858987E-002   4.8272186010582425E-003
         421   5.6453751591106723E-002   0.0000000000000000     
         422   5.6612854022461703E-002  -9.7559979852975367E-004
         423   5.6874107032532428E-002   9.7532962484223095E-004
         424   5.6238043985312437E-002  -6.0934047951749818E-004
         425   5.6691601463438220E-002   6.0904763985655537E-004
         426   5.6756191686718430E-002  -6.6563208134742206E-003
         427   5.7209197116705489E-002   6.6531240265505602E-003
         428   5.7111999344021926E-002   2.0803550902650661E-003
         429   5.8020128933952135E-002  -2.0783514249159288E-003
         430   5.7805499334438813E-002   0.0000000000000000     
         431   5.8166187701027279E-002  -4.8378472221251188E-003
         432   5.8617395202218654E-002   4.8355295383387285E-003
         433   5.8924992028573868E-002   1.2077057777180797E-003
         434   5.8924992318507508E-002  -1.2077057773460004E-003
         435   5.8550630091753604E-002  -2.9262238547397511E-003
         436   5.9069371101607725E-002   2.9246114979142165E-003
         437   5.8993750272512260E-002   0.0000000000000000     
         438   5.9055298437249222E-002  -7.1726585439999511E-004
         439   5.9184654533926018E-002   7.1716724848718146E-004
         440   5.8237237969631678E-002  -8.6091455152334225E-004
         441   5.9013416725953706E-002   8.6020500596384244E-004
         442   5.8904117735775439E-002   2.3733246738501077E-003
         443   5.8968740061510969E-002  -2.3731617045256847E-003
         444   5.8794409803164173E-002   0.0000000000000000     
         445   5.9332218838915214E-002  -1.3521954241434186E-003
         446   5.9332229358623624E-002   1.3521954090215001E-003
         447   5.9342861341115265E-002  -4.1361339160968244E-003
         448   5.9404041068183158E-002   4.1358649046433372E-003
         449   5.9010987969887865E-002  -5.0430714561891226E-003
         450   5.9268871055553458E-002   5.0416893754084468E-003
         451   5.8865225536838796E-002   9.8056417427812011E-004
         452   5.9702477249622563E-002  -9.7969184540803111E-004
         453   5.9031580447741594E-002   0.0000000000000000     
         454   5.8691646087175413E-002   3.0119529683262283E-003
         455   5.8817075286340420E-002  -3.0115516260379445E-003
         456   5.8918783537126478E-002  -1.1925801429126602E-003
         457   5.9686887292641613E-002   1.1916067675328313E-003
         458   5.9317110474214792E-002   1.5122032230045562E-003
         459   5.9702405288723670E-002  -1.5115838388669314E-003
         460   5.9212070021121575E-002   0.0000000000000000     
         461   5.9005898253215366E-002   1.6690961366514967E-003
         462   5.9708348682031606E-002  -1.6678501593443596E-003
         463   5.9613863150643952E-002  -2.3739574808126235E-003
         464   5.9677969360270769E-002   2.3737956479123429E-003
         465   5.9452853071573226E-002   0.0000000000000000     
         466   5.9049458480180783E-002   0.0000000000000000     
         467   5.8513754651268922E-002   0.0000000000000000     
         468   5.8427127522579614E-002  -3.9933174599575422E-003
         469   5.8747805177713469E-002   3.9919574296118348E-003
         470   5.8996541824898510E-002   0.0000000000000000     
         471   5.8985777941687259E-002   1.6327117600436632E-003
         472   5.9117133100721725E-002  -1.6324838515722816E-003
         473   5.8523283525302124E-002  -1.1592002528485357E-003
         474   5.8974836933512999E-002   1.1586442743354050E-003
         475   5.9064705715839119E-002   0.0000000000000000     
         476   5.8662647430120007E-002  -2.1196401641766418E-003
         477   5.9359284176178889E-002   2.1180715243869250E-003
         478   5.9226321862911643E-002   1.2662794122244555E-003
         479   5.9864624765032397E-002  -1.2654202578470507E-003
         480   6.0162913306527385E-002   0.0000000000000000     
         481   5.9234253228570857E-002   0.0000000000000000     
         482   5.9415350151462251E-002  -3.1282075779668428E-003
         483   6.0625309937227700E-002   3.1241834793687248E-003
         484   6.0274346334687069E-002  -6.8688897968920517E-004
         485   6.0334704487087380E-002   6.8684486112166728E-004
         486   5.9683168079439818E-002   1.2190597376513790E-003
         487   5.9810440916877858E-002  -1.2188947366787808E-003
         488   5.9951977502433591E-002  -2.3819836041376963E-003
         489   6.0393678462047080E-002   2.3808643799932364E-003
         490   5.9977090574830937E-002   5.5265339317491109E-004
         491   6.0167715831587011E-002  -5.5254132176269877E-004
         492   5.9779107567640113E-002   1.8335908372410839E-003
         493   6.0858298837941548E-002  -1.8314862305036862E-003
         494   6.0110444731191440E-002   1.1263581381635028E-003
         495   6.0173887155888402E-002  -1.1262821091333241E-003
         496   6.0230551113734647E-002  -2.0425347023066654E-003
         497   6.0230556284919863E-002   2.0425346910673929E-003
         498   6.0234262309958708E-002   0.0000000000000000     
         499   5.9741936569166799E-002  -3.4087293048236291E-004
         500   6.0058907358747839E-002   3.4075801866599673E-004
