  0.19944541217260084     
  0.14158403719769766     
  0.25143631089996360     
  0.24640882557973245     
  0.22542329806062372     
  0.19055282048731875     
  0.35552141936670817     
  0.16850935913595047     
  0.18849103404155618     
  0.20450142337866994     
  0.14541248901904000     
  0.26769139007309878     
  0.16151318544859097     
  0.15481866798745453     
  0.17411678213714693     
  0.17106472307716658     
  0.29431671811196464     
  0.20736448575202215     
  0.16837197161528530     
  0.21402083153987062     
  0.30926875788890446     
  0.32240613556404712     
  0.28266237440352132     
  0.27570002144162598     
  0.24356703804765983     
  0.17777288226807494     
  0.25226749910229007     
  0.27606149947007735     
  0.22414504411476144     
  0.22759578843626493     
  0.28137722330818060     
  0.31197199269886805     
  0.31170469349031937     
  0.24540433327534150     
  0.33685397337023393     
  0.39763687571771905     
  0.20216317654095059     
  0.36568436167572826     
  0.21602834340007232     
  0.14973740155696749     
  0.15976954258186993     
  0.15312022799793520     
  0.31637794385285006     
  0.23737351876756077     
  0.40259106774589909     
  0.18886400067688319     
  0.14542985478458767     
  0.16871925275466160     
  0.14721348453856040     
  0.22439087776539299     
  0.13517407078372767     
  0.17155996127047185     
  0.29125421229163778     
  0.23305093048231387     
  0.18356696605543663     
  0.21671070066256981     
  0.37281447639330367     
  0.13226326495788113     
  0.38519088899507459     
  0.13597242979386837     
  0.27933990402526043     
  0.20033805768539212     
  0.24762149643619766     
  0.34403603686353573     
  0.16964042281788050     
  0.34734261622318408     
  0.16001354745545820     
  0.24524193438725170     
  0.22878714141408898     
  0.16615803278689284     
  0.24841668036964573     
  0.30695193099718621     
  0.18803302063819896     
  0.19180919318583928     
  0.11492613002135994     
  0.25045411502384685     
  0.32039510643108876     
  0.30216372749334747     
   8.9018133971465949E-002
  0.37284967517657125     
  0.13443339539876409     
  0.19750977253212260     
  0.34977381347968339     
  0.14342729477844959     
  0.16975814957939725     
  0.20128589862158175     
  0.23725427768923465     
  0.17380074368963663     
  0.22419658257221209     
  0.12878556027348220     
  0.37525265486179737     
  0.32268308483933206     
  0.15051648915435129     
  0.34570211867090084     
  0.15649379198148819     
  0.16144391183197312     
  0.16443653402545494     
  0.19404503481757882     
  0.18438983328751618     
  0.22101855168860901     
  0.22026834969243880     
  0.34604037330716303     
  0.20425058476423855     
  0.19134084544189572     
  0.32129300243314002     
  0.22267650722470550     
  0.18328169253405666     
  0.32035962544447155     
  0.18325445518212416     
  0.27211444776844390     
  0.14155902269092485     
  0.32746930008102748     
  0.30215297489504334     
  0.15730984563330150     
  0.33180780419015427     
  0.16045221957573222     
  0.25349339592071451     
  0.14985950053673389     
  0.16730716062490458     
  0.13189659705861614     
  0.19061710857531891     
  0.20069745276752246     
  0.26941592042669438     
  0.16646834222780751     
  0.17317012467884585     
  0.20720923218483711     
  0.17937696236031239     
  0.21900710934711479     
  0.13036251107890656     
  0.31948060496838404     
  0.34764365220689697     
  0.19789204339147731     
  0.25077126265663113     
  0.16235570295985194     
  0.13556450834248449     
  0.23397924410047660     
  0.21328503888436379     
  0.17106243320362247     
  0.21732589181924489     
  0.30991400238805561     
  0.15598871887302751     
  0.16671825079598976     
  0.18619974397342204     
  0.15083768760028674     
  0.18834004245969835     
  0.33088084258495898     
  0.20814976128673432     
  0.33850475713631611     
  0.16154934896064252     
  0.29064894856936768     
  0.31328640573417138     
  0.19388875665189884     
  0.33045943380636411     
  0.30356894028421821     
  0.22297177308622596     
  0.28950518850978491     
  0.17645041139639606     
  0.23651950003832933     
  0.32041000831453320     
  0.35198875636004140     
  0.19295815789127130     
  0.15464019152470174     
  0.25670606811856200     
  0.29107812413241474     
  0.17607996131473039     
  0.41330502556697246     
  0.17224029095664933     
  0.31427167050507554     
  0.31593165577243060     
  0.33258616670236257     
  0.17739890320131962     
  0.17947979019528676     
  0.18458802991237058     
  0.19425757020341461     
  0.23497017256362968     
  0.19249127648245215     
  0.32093836005132120     
  0.18903343577323906     
  0.33245273144887522     
  0.16754641546605373     
  0.15638137820867526     
  0.23922530921856394     
  0.17680273665657217     
  0.32727757420702014     
  0.20212675642423858     
  0.13104990099078936     
  0.27117770164153526     
  0.38922191905625725     
  0.17064186916016277     
  0.21380835777869184     
  0.14351335244396424     
  0.21496395125693071     
  0.33470879601359899     
  0.22992622725568065     
  0.30727826185304269     
  0.19762764707556324     
  0.13037688949883550     
  0.30490869867136816     
  0.15561698008633537     
  0.28672188707996626     
  0.35455660187772137     
  0.28792573860793302     
  0.29681281858148095     
  0.19924902408054115     
  0.20517737329821215     
  0.19236273797113959     
  0.34897999782133599     
  0.16987854329380445     
  0.31700806393653946     
  0.17363604276232883     
  0.14075920521009141     
  0.16287515550237017     
  0.32712341031952158     
  0.36503740387767514     
  0.31788143770378230     
  0.36157920951341488     
  0.16160317066037169     
  0.14951282699311036     
  0.19058240389459219     
  0.19361539086910648     
  0.13308196826296964     
  0.31196886396687601     
  0.29801426933289049     
  0.17510029349110409     
  0.15224704550542131     
  0.18619788182603164     
  0.22264721874897805     
  0.15258368596311625     
  0.11607116756694008     
  0.23219216137296592     
  0.16589593377331116     
  0.33258616670236257     
  0.20928745714571298     
  0.18948758691561252     
  0.38508912290219321     
  0.31669877225628579     
  0.24182073313166719     
  0.15734749080489238     
  0.15515524901574837     
  0.24728175628275051     
  0.18110103128328833     
  0.17919289017275750     
  0.15487453108932395     
  0.16592914083507623     
  0.21452923061974544     
  0.21295722350912177     
  0.16653234551769158     
  0.20729648144550603     
  0.14550262458316174     
  0.15096387535614197     
  0.15705766845450728     
  0.17248558307706668     
  0.16309966116831590     
  0.22550184478724544     
  0.18424539868523024     
  0.22277277727681880     
  0.16436566026389929     
  0.18016450180640378     
  0.29799517481980542     
  0.15158537136038649     
  0.28025944171104927     
  0.25632127503515678     
  0.33445385738420225     
  0.21446895766714044     
  0.32736654932143799     
  0.20213387540210190     
  0.16625127167917583     
  0.16328629582845908     
   6.5533993170633409E-002
  0.32466575663603220     
  0.18041098184231991     
  0.17841648764682122     
  0.25326239289540847     
  0.23602184775363036     
  0.16637392763598430     
  0.27886275288837603     
  0.26386472618639911     
  0.20701616340469578     
  0.25513361230665421     
  0.13533246953097658     
  0.13904080697069984     
  0.32987857640301393     
  0.32324546861603964     
  0.20691125670935567     
  0.15809479998684123     
  0.17524393839862987     
  0.19944384793853354     
  0.14419369871524654     
  0.31137904025781471     
  0.34759054392069733     
  0.18198052668626272     
  0.15160854658822442     
  0.16829360598252979     
  0.14985342792627351     
  0.19012547687150438     
  0.18622135397509068     
  0.17297448201827276     
  0.17245591916804379     
  0.15350501083054388     
  0.22861820341411579     
  0.11983966298385001     
  0.21357011158527689     
  0.15703985330888545     
  0.32612678448626659     
  0.16938593749971045     
  0.19540502656276823     
  0.21810578276948159     
  0.21607933618085262     
  0.14089364379703906     
  0.14530924785658311     
  0.13045059347214449     
  0.16572203124010754     
  0.29336425690232676     
  0.16710396440077460     
  0.14377624220384941     
  0.28534464983999402     
  0.21573307583962836     
  0.31863767753427208     
  0.21298595835699563     
  0.17790359589082416     
  0.28525091992233520     
  0.19121177612615611     
  0.16931128328151462     
  0.26495697271320962     
  0.18375539896839913     
  0.18363597638375193     
  0.16039826834402685     
  0.14332285241379528     
  0.20114756325844813     
  0.19288904352290207     
  0.15193898410405610     
  0.15807271282766086     
  0.20341936647251466     
  0.19819660273067255     
  0.30847035959615932     
  0.32789405750102429     
  0.41330502556697246     
  0.26747924409063539     
  0.18709437124761244     
  0.15759579958379338     
  0.17676224412864777     
  0.17730730765380848     
  0.17526680150520410     
  0.16605699944525323     
  0.17590100417815857     
  0.29435457190488501     
  0.40282161305351716     
  0.20306257333042077     
  0.19498027460031014     
  0.20468084471379952     
  0.23224214626884118     
  0.12822687968285823     
  0.34764365220689697     
  0.16485493470687942     
  0.13534846647225357     
  0.22096986613469485     
  0.19837280257605783     
  0.21475409932341882     
  0.18559042080375016     
  0.29209804981831256     
  0.34386922001539899     
  0.21290727378811553     
  0.16608819090462196     
  0.17998402598773985     
  0.16820561208950685     
  0.12435671189683914     
  0.16834587762119957     
  0.16491564565317543     
  0.19703638728176798     
  0.19411362039925548     
  0.36044754325894068     
  0.24646776504620233     
  0.17599596428770473     
  0.27519888892705263     
  0.23084744708848046     
  0.20432057831373454     
  0.20059673450245444     
  0.32989144805758414     
  0.31800974624246447     
  0.11630570475239776     
  0.23397019416503170     
  0.16708356949250006     
  0.12220184667914917     
  0.17852087109855194     
  0.15283316850290218     
  0.19940988569863408     
  0.35391393797085074     
  0.35443776334439753     
  0.22940633498320898     
  0.16736730162769015     
  0.35061588989163889     
  0.18281271766429177     
  0.25230173966591579     
  0.19899521259965958     
  0.17396772340365724     
  0.16185610313741713     
  0.18521965961117168     
  0.14976528906402764     
  0.31594085058516785     
  0.19872448847112861     
  0.30405001120772307     
  0.15520311147266580     
  0.23853478226737890     
  0.21203023350241004     
  0.17210751199809068     
  0.26750884142245618     
  0.28980695595003814     
  0.16665649650458461     
  0.22874912400011863     
  0.35124737618461832     
  0.31653824835862338     
  0.18467519447707564     
  0.14306302596123469     
  0.17655071631366576     
  0.30023249893163684     
  0.22793853919751600     
  0.28493741694832575     
  0.30422279573137401     
  0.26755830942834191     
  0.12946403090124553     
  0.17332664443842469     
  0.22957525935796960     
  0.20290248062975894     
  0.18065761878809153     
  0.17378322025995410     
  0.18369727965121127     
  0.18566734965142664     
  0.19212674248761527     
  0.28668458349718939     
  0.22412854617129152     
  0.21163912592242390     
  0.31976321715967748     
  0.30721674836805329     
  0.31455500692721489     
  0.36169091516669444     
  0.15013240400227024     
  0.21596481797910597     
  0.22880876151321455     
  0.27334154043178627     
  0.16520785215393941     
  0.17802062417517184     
  0.19751453962764412     
  0.17154668619741620     
  0.23429547242390092     
  0.15300324183704536     
  0.34141048482628361     
  0.17811932447513665     
  0.20205567715260203     
  0.31337176437886605     
  0.15294498739426093     
  0.16130400733125144     
  0.18257259571639808     
  0.19971893505073438     
  0.19461163814088336     
  0.14664178198385117     
  0.20779293785334363     
  0.17342405755080173     
  0.17417200346382405     
  0.21222370317976605     
  0.19665670013998307     
  0.35514277083551615     
  0.15710676168714535     
  0.17618067009086805     
  0.29717730186069596     
  0.15794864130380679     
  0.14498214451603639     
  0.19642836517869175     
  0.16250920440831024     
  0.20936467726830107     
  0.19615892154814341     
  0.15767970600764308     
  0.17941135845770648     
  0.12414064590648878     
  0.31110306572121565     
  0.18463592013758498     
  0.32043206202072660     
  0.19213397739381907     
  0.21248833855531679     
  0.28083361730976164     
  0.18485701825553610     
  0.16119421129643843     
  0.17059014439467918     
  0.16072654940566422     
  0.16923601108534184     
  0.21863352431484442     
  0.14373894658875866     
  0.28727197934257581     
  0.32270256802786662     
  0.16430401002975489     
  0.37817381784787873     
  0.18152967816652540     
  0.14326561241197108     
  0.13680910818478054     
  0.19109517561931580     
  0.31603928814184784     
  0.31600696995792787     
  0.16233264356412430     
  0.17917087488470104     
  0.16810803424994064     
  0.20147766082639540     
  0.17914300576977493     
  0.15281613852172224     
  0.29228240052636884     
  0.21248833855531679     
  0.20192268028475213     
  0.19705464749834967     
  0.22048245476978023     
  0.19284507452149410     
  0.17377800355254164     
  0.20758405253384629     
  0.13125064377940329     
  0.20437296278487549     
  0.14512263209086976     
  0.17916925189859503     
  0.23834344422781176     
  0.19114165693107069     
  0.15414229744729496     
  0.17793179995897376     
  0.30945308562382140     
  0.16113342317274520     
  0.21062689947877788     
  0.22842541360745955     
  0.22828828848692076     
   7.6186298953595452E-002
  0.16429139398431031     
  0.15278980071650597     
  0.34389278643541887     
  0.18627079386713952     
  0.21168965694842753     
  0.27677204485382945     
  0.30631062197718562     
  0.23483832025324203     
  0.20291706809491553     
  0.23084605796794810     
  0.11870097501579595     
  0.23215051440902332     
  0.34811901422728114     
  0.17455463817992825     
  0.14860706307457236     
  0.11785155389591170     
  0.21204622349926916     
  0.17347483465566074     
  0.18035811059124388     
  0.30759545920824760     
  0.30990849100492124     
  0.19139973787333164     
  0.18818767392917840     
  0.31011959298332059     
  0.32645696396421398     
  0.16023394355795526     
  0.14490515944194168     
  0.18006961408044633     
  0.34929200992261467     
  0.16117214296508414     
  0.13098933612077379     
  0.31925728314040397     
  0.17116984584564499     
  0.20483521037644978     
  0.16920949967959387     
  0.32114475960915567     
  0.35797454029082054     
  0.20191181301060634     
   9.2788833941579787E-002
  0.14908681744755997     
  0.14807323432237365     
  0.18926889559367752     
  0.15924435125198330     
  0.17869483564073924     
  0.33923557274638810     
  0.34853597520364404     
  0.18307302594780320     
  0.17286526314650041     
   8.5526388512914442E-002
  0.16988212957445403     
  0.13168725224409408     
  0.17148511509016895     
  0.22599945218092765     
  0.20868814445498390     
  0.19513268048389998     
  0.17782628274309042     
  0.18369166864477990     
  0.31326406344803409     
  0.26939008403685072     
  0.21071386814751983     
  0.16369688704577395     
  0.14180643973072932     
  0.17666320020963408     
  0.19103950885726398     
  0.20528135091696553     
  0.23861288065535907     
  0.18521062777717989     
  0.18331246259671244     
  0.33923557274638810     
  0.22985580988088530     
  0.32505423772398306     
  0.21064380581197417     
  0.20387454971809610     
  0.21225868540759990     
  0.15926393853120988     
  0.27503697421335904     
  0.16769057721503391     
  0.10454332792571280     
  0.14580646554377572     
  0.13363560378258280     
  0.17949602721908642     
  0.30876359537892101     
  0.18804577978183337     
  0.16685545533243457     
  0.21078306655665310     
  0.16928973942586073     
  0.36784021084883933     
  0.19332537452461956     
  0.38723524787085067     
  0.17510245471718724     
  0.16649691369630507     
  0.18982968812173284     
  0.36503740387767514     
  0.23796748879463236     
  0.17983615565288663     
  0.34113159265984050     
  0.29709967669396892     
  0.39325141657249307     
  0.17051294590994473     
  0.14565252349463886     
  0.21986281637288044     
  0.34798659478828009     
  0.15221237923570777     
  0.21812981799630732     
  0.15821644540399057     
  0.23057400409128528     
  0.26296749869061714     
  0.22010589321361779     
  0.21175256166626122     
  0.18373618900279620     
  0.34280081521856293     
  0.17826473790815359     
  0.19496183970493233     
  0.15307440282005613     
  0.14012519975884929     
  0.19974726868162615     
  0.18897301748987819     
  0.17255340087477417     
  0.23716442469043528     
  0.21570709537918650     
  0.13753123446661336     
  0.20862127109048076     
  0.18836190079346868     
  0.30015542230361558     
  0.18153461290497033     
  0.30183026898460796     
  0.34769980239381754     
  0.15721209808561126     
  0.26433643554649655     
  0.16417360997445585     
  0.18604951620701235     
  0.19126099092903978     
  0.20515225515237837     
  0.14890324328307483     
  0.34552300964934790     
  0.21389607660583024     
  0.35000327657560493     
  0.22272053853379559     
  0.13124424441916852     
  0.19430108923589345     
  0.18213356495849664     
  0.17550762675671741     
  0.21851283140684455     
  0.32352036736272383     
  0.18919814972817767     
  0.17176198013012953     
  0.20550835631470116     
  0.18231665666855876     
  0.15160689364524510     
  0.18429586896549408     
  0.17117163196329116     
  0.31014302437441982     
  0.18500697107403566     
  0.33114859261822410     
  0.23710322420781094     
  0.32479380610142555     
  0.18725026668763028     
  0.16197111384271284     
  0.21228853490574437     
  0.20528423197001114     
  0.14411488120531837     
  0.25988868651542113     
  0.33013248335363160     
  0.19629645272479831     
  0.18833477495550663     
  0.24885110267443045     
  0.35064415652823283     
  0.32799862660911100     
  0.34928842169762719     
  0.16365762326858951     
  0.17885276470889394     
  0.18782097632264946     
  0.16409752133323874     
  0.15037710174161950     
  0.17815232556023144     
  0.14247339374952503     
  0.16990314783288576     
  0.34446866180063473     
  0.15949047479945128     
  0.16698023190062411     
  0.14815582040118808     
  0.22038664118406795     
  0.17412687595060974     
  0.18894796503238082     
  0.33047475464048176     
  0.14275016347959324     
  0.17565807712958237     
  0.15413916671475633     
  0.36987488164049770     
  0.16847375656471794     
  0.23653767381203042     
  0.22393645248018132     
  0.25350675731448236     
  0.30972844703082475     
  0.20328867073006199     
  0.19767534934361700     
  0.20315413212924363     
  0.14418974708940965     
  0.18782804445833748     
  0.31393206259144990     
  0.19028274380817761     
  0.14178401645123145     
  0.21238640757803673     
  0.17365059921247325     
  0.35730885851608440     
  0.36524142178898500     
  0.21640390518039496     
  0.30722180761966456     
  0.22846272290931549     
  0.29643786509285613     
  0.12034580694785199     
  0.15452442347930254     
  0.15972376406256308     
  0.33042523154074566     
  0.11768880591187707     
  0.30861112377234262     
  0.26554748039946630     
  0.18314693855027592     
  0.21250954646117337     
  0.17718356792253906     
  0.17298699534627113     
  0.15073924287820420     
  0.30812476345887829     
  0.15969916083713578     
  0.17502676409662565     
  0.15229300310012681     
  0.26328929038503163     
  0.19669598741111799     
  0.20437497674847011     
  0.18755131396503791     
  0.32042963784148326     
  0.22480240007475852     
  0.15653882191887600     
  0.19483722757312064     
  0.22979390694100038     
  0.21896167526683144     
  0.28309164149779620     
  0.17371016776116924     
  0.16473365598327955     
  0.17897931006841983     
  0.30184638076068554     
  0.19793038054516401     
  0.34123390906560946     
  0.14036528509102741     
  0.30383390060954918     
  0.17710452887130507     
  0.18562117037156203     
  0.21935781986715358     
  0.11701239516391210     
  0.20668366735693267     
  0.17959907380197618     
  0.21326048174022791     
  0.28386269307813544     
  0.18307735023621780     
  0.25003249128524196     
  0.19622013921297110     
  0.10669344988349767     
  0.18782530087049665     
  0.31934106171308518     
  0.21289923290782536     
  0.33913645339023163     
  0.17268513693490825     
  0.23054037424493751     
  0.32389215931740439     
  0.14939427693858673     
  0.32460339088195844     
  0.27292651099940957     
  0.15685593711079124     
  0.26724048436945663     
  0.16645643112459801     
  0.35018319440441509     
  0.17656371232637250     
  0.20302267699443188     
  0.31519590812908321     
  0.21338535598148783     
  0.14930326251654502     
  0.14036454408244595     
  0.28854456145521123     
  0.22283377326625317     
  0.35263397138297725     
  0.21739428977882963     
  0.20485547242721944     
  0.17147209593344737     
  0.16349358602103997     
  0.37031998822426343     
  0.24958876762428647     
  0.26739763373227338     
  0.18234587860585125     
  0.16845962795484543     
  0.15332185860898120     
  0.33436638663757923     
  0.21588565968310555     
  0.23867213519691696     
  0.27375400346226580     
  0.13974129113942704     
  0.30085520198507676     
  0.21478857302688756     
  0.12874670747961758     
  0.29759721668028682     
  0.15721118463609515     
  0.16522432652895963     
  0.20114039079974516     
  0.17592621931044997     
  0.17738281889120194     
  0.26534035021615865     
  0.30254435254387502     
  0.30060583004805425     
  0.30823894251148887     
  0.38085804517057337     
  0.22182862374007276     
  0.18367177096960979     
  0.14756923358251972     
  0.27955532613492762     
  0.22803229734489772     
  0.16101431255508983     
  0.25977391868288741     
  0.22032971028992632     
  0.19734329320982860     
  0.22851809042172674     
  0.16346239024375744     
  0.34450214977082916     
  0.19706498627357763     
  0.15475794155006492     
  0.16297583934058713     
  0.32714929058771142     
  0.15033724784581937     
  0.13054734787128180     
  0.14869234312172996     
  0.14615778371960614     
  0.19504568194636998     
  0.17712744082650256     
  0.33088696308736848     
  0.26959002208737026     
  0.17672970926584547     
  0.13256688059701399     
  0.38692209392400323     
  0.19560677141416158     
  0.22094312689003040     
  0.14665125377855195     
  0.14372495068605526     
  0.13336078979476171     
  0.32986440748002560     
  0.36572507359001372     
  0.31715722349143827     
  0.21406468472888907     
  0.20060887148113543     
  0.30010555381457099     
  0.23083379306183502     
  0.18162244383276480     
  0.31023830612735542     
  0.16895431266750530     
  0.30301394197782988     
  0.16816436733676318     
  0.16855675660461550     
  0.18261122280283038     
  0.33471480037305068     
  0.31559716350111511     
  0.21773095631799763     
  0.16764724877968129     
  0.17868559481669682     
  0.18811099284033786     
  0.18760451171827858     
  0.16947873520024354     
  0.19860616591436672     
  0.24609312203469405     
  0.21048924750390569     
  0.16996087226700113     
  0.18395772997307100     
  0.34917585115231226     
  0.18650756122481044     
  0.18038257778453026     
  0.20779536613407248     
  0.23676273340414097     
  0.15679498843145170     
  0.19340215298025801     
  0.17161867617772303     
  0.27891146676665235     
  0.18695059259495975     
  0.17636796381980482     
  0.19790877540107765     
  0.13475670522180036     
  0.20337968989760374     
  0.23378059589623423     
  0.22256338320265595     
  0.19891976781426221     
  0.29909588318035851     
  0.21294625420094102     
  0.33249493129577945     
  0.34111769508576784     
  0.28875753252486597     
  0.38966580348418445     
  0.16646532803996880     
  0.16764466832729769     
  0.18150359754201162     
  0.31631335441670561     
  0.22326500778397518     
  0.22481587764932867     
  0.23598137101698269     
  0.29281596256097420     
  0.19218783126062899     
  0.17246805425977582     
  0.29821004808512341     
  0.30990849100492124     
  0.16190448287754577     
  0.31192435674047259     
  0.20949886602219023     
  0.13218379515011297     
  0.21205189469307287     
  0.20784336991199662     
  0.17397397487260746     
  0.18438173129697794     
  0.12566308538165780     
  0.27739434524503609     
  0.21208121544206321     
  0.14153033555364802     
  0.30136083698561095     
  0.20142932951260575     
  0.20587631642981688     
  0.25066130487129956     
  0.14126922871456307     
  0.26522002827726537     
  0.35277521257979350     
  0.21257855750570026     
  0.31001463778577759     
  0.23435115681079810     
  0.16265693216489352     
  0.22953081362814873     
  0.17226044321252884     
  0.20882174664403433     
  0.12285066111133927     
  0.20166210901233400     
  0.28771732204939082     
  0.15132417518477531     
  0.26737599608143392     
  0.14940118323755192     
  0.14396179622556587     
  0.15239008528228917     
  0.16491196103541730     
  0.19048304817885503     
  0.20663862651129328     
  0.34399176697662420     
  0.13406265386327523     
  0.24050554818386644     
  0.21523617834564618     
  0.27297974321279578     
  0.32086899218319287     
  0.16942607193653597     
  0.27707174404602913     
  0.27129012000779523     
  0.15792044354320373     
  0.33997189525056737     
  0.16910391403259220     
  0.18761157725651528     
  0.18474096582616398     
  0.15094848111267614     
  0.17803292708855817     
  0.28244111810473199     
  0.16531130321064588     
  0.23694530384931273     
  0.33129977358339291     
  0.38775634285007887     
  0.16887572777280019     
  0.17466374385756769     
  0.18155488872076125     
  0.32511955477274357     
  0.18576312322810187     
  0.18134674891536348     
  0.24554861093405128     
  0.18586585439058578     
  0.20475933343944411     
  0.18268158183728783     
  0.15660727418061951     
  0.18464465216598377     
  0.16435257066725173     
  0.20459404337066178     
  0.18226290957639529     
  0.23227824982183873     
  0.31240795023077528     
  0.30809708331167995     
  0.11853032244662734     
  0.17154081778543293     
  0.17724702098024295     
  0.19615295957335141     
  0.14343062593115441     
  0.21262983837129210     
  0.24108122425832462     
  0.14316896518238412     
  0.21858840575440538     
  0.16246796852200571     
  0.26488223353054569     
  0.18105623815527080     
  0.30454259499579278     
  0.19904717486594420     
  0.18183747838524944     
  0.17357652004067028     
  0.20652637548569713     
  0.31120278282271563     
  0.16810031335762593     
  0.18536420651682944     
  0.33470879601359899     
  0.21666852473457499     
  0.13008922586072458     
  0.30448287813087177     
  0.34019946716840210     
  0.26649891408759774     
  0.18261866442654479     
  0.18303797274614697     
  0.25555527044676823     
  0.28100635874452240     
  0.34037766343178483     
  0.17777288226807494     
  0.12748480853007352     
  0.21062022171396846     
  0.15652430860697145     
  0.16122670010780382     
  0.14579358951566818     
  0.27690347586581132     
  0.23554285436142264     
  0.22771818914776573     
  0.32209617453409495     
  0.18450586242706082     
  0.14105405454356282     
  0.22887651716666130     
  0.20437833281789175     
  0.32531242597827265     
  0.19224633465196517     
  0.34025145375166532     
  0.17722483456299909     
  0.16123715207075487     
  0.20611320904126360     
  0.24030937118362158     
  0.29246297835485102     
  0.22894323699659733     
  0.14299917756057182     
  0.27014417248810124     
  0.39325141657249307     
  0.18214156770796125     
  0.16660328053636822     
  0.14828354268428842     
  0.19029381284801203     
  0.33350100545340777     
  0.16340591006279470     
  0.22310344278558095     
  0.27175660143646685     
  0.28314351153427930     
  0.14101735192274584     
  0.22676220991666904     
  0.38082913677212221     
  0.30061524732148986     
  0.19667682156779392     
  0.31437770598261394     
  0.19023547550895215     
  0.27970756658086410     
  0.29259770517091460     
  0.17958649893731210     
  0.30558252487287479     
  0.19689038417093982     
  0.15339883096683804     
  0.17320679942690617     
  0.17511996439505373     
  0.15098181147645182     
  0.16999006469832040     
  0.18258463235736230     
  0.30695193099718621     
  0.16195299152200282     
  0.25387302432959202     
  0.11362461021705546     
  0.25634602949801022     
  0.21615132362759595     
  0.20261557858577617     
  0.19713283174235049     
  0.16844080558180274     
  0.16784862164298325     
  0.20479946544644559     
  0.15570220396590453     
  0.11446071536354684     
  0.15434428094740091     
  0.38883319132810784     
  0.26132669771273476     
  0.16106722703416820     
  0.16556689378046147     
  0.19598235386253152     
  0.10947447312194890     
  0.23040191873880378     
  0.33113976816751833     
  0.29665558802158531     
  0.21861659255460925     
  0.25022981209825901     
  0.20103826598544353     
  0.18852599331663372     
  0.16901496272735042     
  0.15180897199364254     
  0.11001014828494121     
  0.34401084832691153     
  0.20979132510569998     
  0.32645696396421398     
  0.15179341846151714     
  0.24393697829274255     
  0.23945207093093174     
  0.19961311646217383     
  0.18188890338525063     
  0.32261077730329957     
  0.36805551599683595     
  0.17825094978462971     
  0.14651273475585797     
  0.27786445785256875     
  0.21636612353139298     
  0.33244600017366976     
  0.29457237971153749     
  0.19575372606078137     
  0.19669609051942086     
  0.32128493744399833     
  0.22604668333277800     
  0.11576231043328819     
  0.17556278155247496     
  0.12814987627849683     
  0.14955417580424776     
  0.17336603053284919     
  0.17860251631866261     
  0.21321068215795705     
  0.18770136010861921     
  0.34277833481957509     
  0.21508878659806224     
  0.32430825237901051     
  0.21991938473571263     
  0.19854183664676295     
  0.29375603037948378     
  0.17289820453048757     
  0.12972204980961094     
  0.23787798625600781     
  0.20082255301139695     
  0.15572781478378533     
  0.17718945428718405     
  0.31701797995277770     
  0.25903684524330983     
  0.27955826099132197     
  0.18580818974472874     
  0.17636536764605287     
  0.15751465500777501     
  0.17656543908115813     
  0.16387020543518491     
  0.16870886358550768     
  0.19433404739145232     
  0.24929996530044177     
  0.23504072108149573     
  0.20215403404642615     
  0.21385642398060029     
  0.17332120316480054     
  0.12752402727985565     
  0.15618040471539324     
  0.21346267666497235     
  0.24439933042083364     
  0.17704836291519918     
  0.25131346995544890     
  0.17863552613502168     
  0.25670507759636874     
  0.18314743052668633     
  0.30183026898460796     
  0.16625804043924225     
  0.21186178026440336     
  0.16552940910325467     
  0.15881689095533283     
  0.28006739835688843     
  0.15646521868658692     
  0.32680951685094389     
  0.15023317706341840     
  0.17041607091795496     
  0.34734261622318408     
  0.28611363135715168     
  0.37762316571314047     
  0.16537639722093772     
  0.16890175111921923     
  0.14043831459057052     
  0.19073700465926954     
  0.18844164182484838     
  0.16903578200435299     
  0.13355865533853453     
  0.19975116235603185     
  0.21989067932185566     
  0.19229119388198021     
  0.17504674599872486     
  0.13622140666036414     
  0.17650684988318929     
  0.22296562692064489     
  0.14658012349665367     
  0.16769418578549020     
  0.25770061986712967     
  0.21787340840441960     
  0.12110731972601894     
  0.16612236432549446     
  0.19090983592464605     
  0.16069241876090740     
  0.33399268039407992     
  0.17850211417256659     
  0.39434836188495181     
  0.22371922680565084     
  0.15964341030680201     
  0.23473931613849547     
  0.20487760708215369     
  0.19429471883891872     
  0.18835849696658952     
  0.32229190478233150     
  0.14041362076959127     
  0.14247458532585860     
  0.22236224000954791     
  0.30706088730502945     
  0.21943124941745379     
  0.29877456938070834     
  0.12276979333818651     
  0.20706645949876118     
  0.23947626553009335     
  0.15981912207583471     
  0.12168243271315678     
  0.15497642441059936     
  0.19244427433064362     
  0.16336706371030352     
  0.34963745369612209     
  0.16547642681012037     
  0.37452005368197316     
  0.17255455057078384     
  0.17664931670175954     
  0.29537570388935463     
  0.11994050206862082     
  0.17125786374679164     
  0.18270407908112887     
  0.32728565428767842     
  0.11863253508764780     
  0.33249493129577945     
  0.25092082169632013     
  0.20564597530700268     
  0.17540003947101479     
  0.14992012271820157     
  0.15271292202316805     
  0.25763755033189262     
  0.19539363500934545     
  0.29156631798593530     
  0.38545926479472009     
  0.17031609987165822     
  0.31844677660489096     
  0.15173189513127400     
  0.16335754262346305     
  0.28384272825124029     
  0.30902083545196118     
  0.18466142706828187     
  0.18283379417541396     
  0.15564581627584631     
  0.18256923835162189     
  0.17541544532513298     
  0.18720555047008361     
  0.29656141397151425     
  0.15235156129736785     
  0.30005666598154052     
  0.14581986094522206     
  0.16342896532617338     
  0.36561539488416583     
  0.31471294867707983     
  0.27189876440973038     
  0.15441511716453271     
  0.16780969501182666     
  0.20543745931665544     
  0.36169091516669444     
  0.19623003651696608     
  0.34277833481957509     
  0.30656194516100266     
  0.17116023468938954     
  0.25663883200628373     
  0.18726019990847464     
  0.17005991266080789     
  0.14991427153585349     
  0.12988777564847506     
  0.27691915541350121     
  0.19916284277285298     
  0.11686555040429426     
  0.22483480195999631     
  0.18594894958823299     
  0.18623809743739675     
  0.20542803836724774     
  0.30798260845213843     
  0.18346208965701222     
  0.21434229534911292     
  0.18535930577091186     
  0.13906601971417487     
  0.19621195665420016     
  0.11618395166161914     
  0.15704229823725621     
  0.20597222830988210     
  0.13488915803493906     
  0.17047931197769084     
  0.22888719545049205     
  0.20993038107293796     
  0.35000327657560493     
  0.33550291526452025     
  0.26729691456857091     
  0.16743141264612227     
  0.17609154537827484     
  0.32435946667474980     
  0.15692140483786307     
  0.15021241771536786     
  0.27570163409360382     
  0.21212389845900664     
  0.37974678754026658     
  0.27803194688110383     
  0.32858888115830359     
  0.18984038703161221     
  0.12592410862344694     
  0.15295225139931271     
  0.17802606577419766     
  0.15665223274039339     
  0.16260805359102190     
  0.15538799165250006     
  0.35074079968706440     
  0.19088002724907138     
  0.31885456587692590     
  0.15729437534793200     
  0.20591305189653547     
  0.10908041748717018     
  0.28757364701990579     
  0.20378020444765776     
  0.19477486851622688     
  0.37329800337577806     
  0.19130452663407499     
  0.17871004579561897     
  0.20305788622034712     
  0.35916889660598805     
  0.28180503771650506     
  0.27732518590532196     
  0.17083848258732248     
  0.23889666079324870     
  0.16144986623741775     
  0.18384432508472634     
  0.20779661893496540     
  0.16600243108510637     
  0.14389306074430588     
  0.36759454107630468     
  0.29664373458623117     
  0.24883441240911708     
  0.33335951521871215     
  0.22872184705768786     
  0.18288813620498737     
  0.31924402442713401     
  0.18026038954126730     
  0.31743807844869476     
  0.27131764651392404     
  0.27473225678889357     
  0.25909845660866448     
  0.17554403076188305     
  0.14621491454650634     
  0.37794472980355476     
  0.22754332637548069     
  0.24717732583898910     
  0.17517461962658182     
  0.33556296728614959     
  0.18574603441586102     
  0.19304905021839777     
  0.11008533791584672     
  0.15545305444164831     
  0.17591087606113964     
  0.15469371790036943     
  0.16285255804687385     
  0.17476108902535889     
  0.27788495352579823     
  0.15141161258319355     
  0.32790372400065398     
  0.27954148549728114     
  0.15743775900243673     
  0.11930831241603986     
  0.13928449335424353     
  0.14729818098020450     
  0.15078706046944518     
  0.21233237070233768     
  0.31871828119585399     
  0.15826490118797096     
  0.13636794933498059     
  0.16972443277526517     
  0.13624824893863291     
  0.30593788997065813     
  0.25905891865351222     
  0.20512980621230362     
  0.37882129402869374     
  0.30021335554350315     
  0.20142151123466354     
  0.17547598530963063     
  0.16324882596449611     
  0.20588804122179571     
  0.11724862551912120     
  0.27317448916355724     
  0.19564958292828666     
  0.19655870424230165     
  0.20742058467984101     
  0.18987020817509762     
  0.16733100739748996     
  0.20188503052746617     
  0.15079429800853758     
  0.29604646922028621     
  0.32896658776921267     
  0.33436638663757923     
  0.18570185572389505     
  0.33070653253882765     
  0.34943874129827263     
  0.16936903896784913     
  0.29603970218697395     
  0.34157522755656955     
  0.18221808776308696     
  0.33647201416722738     
  0.17112912113867690     
  0.34115207157878696     
  0.24745549258168950     
  0.13336274046713650     
  0.16726170089009798     
  0.20470035197364742     
  0.30123515717270022     
  0.14488413752023849     
  0.29904305773731893     
  0.33388865572668036     
  0.36081325252384183     
  0.36939344654796691     
  0.16367833074103860     
  0.29468595540397341     
  0.17841964179954992     
  0.17490234213659525     
  0.18399427305019736     
  0.20914326786305268     
  0.34395870829510949     
  0.16335459980429565     
  0.29911785248135564     
  0.34784193238451933     
  0.15625432674368442     
  0.15980486310027220     
  0.18409344926180801     
  0.29270003758693980     
  0.25630312462328814     
  0.36157920951341488     
  0.13152442353702723     
  0.30050370870297549     
  0.23448997106453828     
  0.30962149983499260     
  0.15291170465413212     
  0.20573375677726616     
  0.26850834746544833     
  0.30060663398020221     
  0.32212565054014491     
  0.30935373402170335     
  0.19363184107405881     
  0.18685293039196332     
  0.12930545897523785     
  0.14879177968592269     
  0.17097566799056441     
  0.19256816990855247     
  0.22624572089738534     
  0.30156551048867530     
  0.17291808444323969     
  0.17272056944275410     
  0.32372283421244974     
  0.17133277601934291     
  0.16761872153768309     
  0.16656315914654526     
  0.18562826922756601     
  0.33816992728772244     
  0.19302030688274241     
  0.29976181872294644     
  0.13197783732060800     
  0.29434316247450731     
  0.36165365729858034     
  0.21085137146233535     
  0.19476942184538881     
  0.33757887342065951     
  0.16295834695509304     
  0.16615768864142100     
  0.17257084232247874     
  0.33859896872868678     
  0.15079095979927526     
  0.30277458902036369     
  0.13397747940005650     
  0.15677109657551408     
  0.15804301743175317     
  0.19190150555135058     
  0.29120573881450990     
  0.17278156375184633     
  0.28531408651803603     
  0.15425299066398213     
  0.17545126697162874     
  0.19828775186026495     
  0.16406715655347309     
  0.28903326384357125     
  0.31164610496324979     
  0.17778306709040856     
  0.17122356056706478     
  0.23686038480824495     
  0.29125421229163778     
  0.20917967719138864     
  0.12707058218032113     
  0.26228762759121360     
  0.14804486077349491     
  0.32586205962311815     
  0.17304937626327518     
  0.17771390206537982     
  0.16177222419792722     
  0.13929041745922263     
  0.38519088899507459     
  0.13994986311322535     
  0.15535598672729459     
  0.20135790884075683     
  0.36784021084883933     
  0.19898419381795254     
  0.29686468708823582     
  0.20196822866717076     
  0.12168355140949655     
  0.23153972802181508     
  0.26262030921837953     
  0.27382239603579583     
  0.14905676121248845     
  0.18553905443782889     
  0.18148018552054457     
  0.19744487416778422     
  0.15450175914333217     
  0.23703959133711724     
  0.17435872820244083     
  0.19130005721938992     
  0.13562985829505245     
  0.25659428069479190     
  0.14457795659854489     
  0.18815968075210973     
  0.17762068323912791     
  0.23171832237859455     
  0.23380081135352151     
  0.36287792487339793     
  0.31024840896563199     
  0.16972247669344101     
  0.34471952654463817     
  0.16881870255743417     
  0.21738734547760449     
  0.30653986427482666     
  0.15205816402395184     
  0.29665558802158531     
  0.20048892308181790     
  0.16973755043464664     
  0.16720097082997043     
  0.20819480888663244     
  0.19157166886040686     
  0.34113799196976530     
  0.31448855830109002     
  0.18463790618416193     
  0.12139463471390374     
  0.21103077470503523     
  0.22844802515378523     
  0.30461550666665232     
  0.22603712204218773     
  0.29738128142928749     
  0.17078366433357650     
  0.36029647814736693     
  0.16017946847533693     
  0.23701871091506529     
  0.30873973440263125     
  0.20660464785787502     
  0.27170135115307875     
  0.23482278446997171     
  0.35667339942569709     
  0.15175320694506181     
  0.18358854255902154     
  0.10699174247518746     
  0.18384613981682885     
  0.15981595351394146     
  0.31664981396715547     
  0.23889316194844956     
  0.15554271886891216     
  0.34246144360724762     
  0.23185744479611564     
  0.17904208011638603     
  0.20715224315862496     
  0.31813897517315098     
  0.14100067885886175     
  0.17439234347659222     
  0.14656081831649251     
  0.30348927097447431     
  0.24741427457926538     
  0.29727526522033054     
  0.15976960174698629     
  0.17008779072268293     
  0.35251666250854480     
  0.34069641207347717     
  0.33686817454633916     
  0.22240109529994523     
  0.29826105354380983     
  0.31471294867707983     
  0.20749476268626352     
  0.31138694175815440     
  0.20607118356766008     
  0.39141069411490603     
  0.29693512151871504     
  0.13828244390854302     
  0.19179734129327619     
  0.31084960117983951     
  0.16419629893929585     
  0.24982170728797898     
  0.30854927067393439     
  0.21226075853771234     
  0.32439677856599319     
  0.17578488358839073     
  0.17443631252912939     
  0.17248408825166428     
   9.5730423517631141E-002
  0.13580584939108775     
  0.16735617739982023     
  0.18309945757956023     
  0.18961203018485923     
  0.24707735791007407     
  0.19486123735040262     
  0.26873463647854329     
  0.30730985568924457     
  0.32649093745145064     
  0.14356466861314540     
  0.29370522069966137     
  0.15880188592733518     
  0.29003395371317225     
  0.35957164082624321     
  0.22611997698886782     
  0.28573400837844593     
  0.15451589210542521     
  0.18855196557392107     
  0.21946574555202170     
  0.22125638072032380     
  0.34626568527126278     
  0.12571567794467867     
  0.15441860432297741     
  0.29698234854557476     
  0.19246800861250415     
  0.28673904225213565     
  0.25620579705643615     
  0.23455115186247885     
  0.17087060907130422     
  0.21615076040826606     
  0.20312026218402118     
  0.20780695684722203     
  0.23707256589183606     
  0.15438978859397362     
  0.10928204434477436     
  0.36747377837062317     
  0.32616751272372807     
  0.17109017911918598     
  0.30875131321087323     
  0.17476818876465675     
  0.19237535495962232     
  0.17204956173376565     
  0.19789376342867093     
  0.15278496002759953     
  0.35124737618461832     
  0.31579611010084058     
  0.18887709843800793     
  0.22246125600939207     
  0.14065320779122645     
  0.16249501464854585     
  0.25916328807663586     
  0.33335765271581658     
  0.19660342022555433     
  0.14576087575838598     
  0.18879102201580431     
  0.15064251768539605     
  0.26235526245574947     
  0.31890615852074311     
  0.19168758566778218     
  0.27588261264900049     
  0.14455066732762942     
  0.38764448752605907     
  0.23037955080793621     
  0.29318398250114047     
  0.16340387297639491     
  0.32093836005132120     
  0.18490423414358076     
  0.19620193273996545     
  0.30891154378951902     
  0.17257960992398880     
  0.23948008731443698     
  0.14724234762702806     
  0.23100228459031250     
  0.32024945516735043     
  0.18760778542758552     
  0.13463273970773898     
  0.30565625996645240     
  0.18706273695449485     
  0.25497899594020057     
  0.37817381784787873     
  0.27284279762639280     
  0.25725792535844572     
  0.31339099347753246     
  0.14860241051303152     
  0.17971533213374469     
  0.19468127405257757     
  0.21577873982194812     
  0.24991274617428597     
  0.27533301233433022     
  0.15862026093560574     
  0.27423745105918673     
  0.24010539484049750     
  0.36663593662214633     
  0.21101635820042380     
  0.28484098052825196     
  0.18731997066300515     
  0.14507813390713326     
  0.17442474257288548     
  0.16248286546323298     
  0.24550653251327037     
  0.34915559233808391     
  0.18608069093659946     
  0.33358022704772766     
  0.16802146725200737     
  0.31326573589979895     
  0.15730007353742625     
  0.12260558484541909     
  0.14508637558654464     
  0.30340434731685889     
  0.37974678754026658     
  0.12462320569851512     
  0.18869139508482946     
  0.26108069952174545     
  0.36900765687867426     
  0.13146772208805627     
  0.16108617526093355     
  0.17515756149893522     
  0.31371376622543562     
  0.12670483291599213     
  0.24890657503603580     
  0.12876338475987287     
  0.27353450061002099     
  0.16899154275945055     
  0.19218597541698149     
  0.30353695283545329     
  0.18753627147017146     
  0.21617409161685086     
  0.18848217840584747     
  0.23747591527915096     
  0.40282161305351716     
  0.16940953528360528     
  0.32424451071555216     
  0.32537620703705400     
  0.15773927060258891     
  0.36081325252384183     
  0.15494040808546269     
  0.29713753829719991     
  0.17858775898743887     
  0.16352156049077612     
  0.31724457213368074     
  0.28960469655156762     
  0.15586754896479557     
  0.19625391193518565     
  0.18927279561060739     
  0.18748781049314894     
  0.29008944835172645     
  0.32658797708385590     
  0.21136262587892837     
  0.20485841671480412     
  0.21804846422587273     
  0.29846123516952450     
  0.15703600804726139     
  0.29848252368276418     
  0.25838580508581183     
  0.19398300818241673     
  0.14284627952098125     
  0.16573265978178867     
  0.13987585496506069     
  0.34193837763080825     
  0.31651097134913553     
  0.18180309004445280     
  0.19137123714339779     
  0.24827042350386153     
  0.16998223038131161     
  0.16403411540419205     
  0.16673972406021148     
  0.32374560221235077     
  0.16651335551958313     
  0.18329841071265934     
  0.19885220555621880     
  0.17699861704480288     
  0.20746182771596261     
  0.32967202037798615     
  0.15501153007397916     
  0.16741109720655167     
  0.19491032628971039     
  0.17204994638720641     
  0.12479184133976622     
  0.18221036880046565     
  0.26106469481733263     
  0.35902959102875176     
  0.28460102487309746     
  0.17690460502930738     
  0.30156551048867530     
  0.19327969254687033     
  0.17664214225961034     
  0.23770141435210787     
  0.16371106549480555     
  0.14558832109436506     
  0.18134777788709258     
  0.17477022523159697     
  0.15715959259800771     
  0.16052256536577994     
  0.20058230463664461     
  0.29742104954581627     
  0.18570864728188705     
  0.25053655266906694     
  0.14161252895096782     
  0.15459492088769081     
  0.19153867686732484     
  0.13606630360673355     
  0.31771014808285319     
  0.16720346689910184     
  0.37284967517657125     
  0.21066562559053195     
  0.26592873506745873     
  0.17493169182366214     
  0.37762316571314047     
  0.28522151726881062     
  0.18888897876678071     
  0.16213444507299382     
  0.37263961911664767     
  0.20104604717019739     
  0.18933547774079199     
  0.17562064838022040     
  0.21589949241566830     
  0.15800898119001097     
  0.37239876614579703     
  0.15475964774432413     
  0.19143898111444327     
  0.18722619105638511     
  0.18034722309399204     
  0.32073272953247917     
  0.30941860134939775     
   9.8400409283556672E-002
  0.27917971616907528     
  0.17283384023133519     
  0.36538510090970278     
  0.15992149851637916     
  0.31872225004059013     
  0.36763902673653232     
  0.22160969106719863     
  0.19345587257493924     
  0.22857898877361410     
  0.19597490264517931     
  0.13003804987861686     
  0.23429787226730409     
  0.23193103539914692     
  0.18658092529889322     
  0.23191138480247689     
  0.29838704052905501     
  0.17450983293438513     
  0.26496694563960299     
  0.27956446258748102     
  0.34116262956674376     
  0.29248520974070430     
  0.18539591060772187     
  0.17045273388136109     
  0.16373139372026951     
  0.34088319760429969     
  0.27169719967827027     
  0.13742318055259306     
  0.15411597568734259     
  0.23145523037945795     
  0.17924955223022082     
  0.16638112634951704     
  0.15296342014877129     
  0.17699985907128940     
  0.16592815280255049     
  0.19107526619721352     
  0.18166296458691458     
  0.20447083228197935     
  0.14580562063683122     
  0.20598605575688594     
  0.12775236624008929     
  0.19750700836706162     
  0.32822155524869667     
  0.26754319354256884     
  0.22865530309041071     
  0.18072243114204861     
  0.34811901422728114     
  0.14692861056000239     
  0.19397398685613243     
  0.27804298068252159     
  0.33829060871941885     
  0.28490816915384920     
  0.18974584941167402     
  0.22499473203332843     
  0.26117906347836295     
  0.18441181812812391     
  0.18794132756119006     
  0.23563919309591544     
  0.28969076161307389     
  0.13720668410824799     
  0.18551523245508450     
  0.27483159600665841     
  0.34553503103389505     
  0.18396460748519083     
  0.21350366473237675     
  0.19977532820844854     
  0.17925198067678730     
  0.37281447639330367     
  0.16209770903516543     
  0.32622843679058833     
  0.32838163257828507     
  0.18191250044044480     
  0.17559692518024039     
  0.20153704785622917     
  0.16843031173714423     
  0.19211827142448287     
  0.29043002136154944     
  0.15196546952774831     
  0.18657850888392244     
  0.27146508774814648     
  0.20151826179297880     
  0.18587077682399819     
  0.16213329059756146     
  0.35009840432743017     
  0.15411825165498449     
  0.19620884080867101     
  0.33507644546174314     
  0.14987631701910673     
  0.20182569772580877     
  0.35797454029082054     
  0.15642168547323798     
  0.13785304504202936     
  0.21253979575381518     
  0.31042632047640939     
  0.18215796713117077     
  0.18524950743363935     
  0.14482442809226925     
  0.22486023998272953     
   9.3032532766225695E-002
  0.23668220790196756     
  0.12164968548305950     
  0.17844022513144958     
  0.34430801091358559     
  0.20829457586779623     
  0.21168493596475502     
  0.16427788843077606     
  0.15532175533845838     
  0.20693622629192598     
  0.13678638255652642     
  0.31998248372040033     
  0.18197654046737252     
  0.25349339592071451     
  0.15910887055342937     
  0.30151838311109919     
  0.21722802418990533     
  0.20320816015265264     
  0.19657818828607684     
  0.28969076161307389     
  0.24161665780354058     
  0.15309315742439364     
  0.16883189951508237     
  0.21767604805170909     
  0.25260897297866530     
  0.29892285588120115     
  0.19414579079636163     
  0.15895346427198243     
  0.31312173625828177     
  0.16637427749480194     
  0.18224034941924477     
  0.19822901998308323     
  0.16981965648596267     
  0.18343137459172637     
  0.19949473540980267     
  0.16671115672318970     
  0.23628898404573442     
  0.22106876464556827     
  0.29624753735973891     
  0.21151428143832682     
  0.25463597004404143     
  0.19240394474535516     
  0.18281271766429177     
  0.16845334256044325     
  0.31998248372040033     
  0.16523971608929261     
  0.27314515202429418     
  0.20730903296828143     
  0.22717611272058941     
  0.18142421286123814     
  0.33757887342065951     
  0.18774388211859769     
  0.24461660532640792     
