  0.34902947130205142     
  0.24777206509597088     
  0.44001354407493620     
  0.43121544476453177     
  0.39449077160609147     
  0.33346743585280780     
  0.62216248389173923     
  0.29489137848791325     
  0.32985930957272325     
  0.35787749091267235     
  0.25447185578331993     
  0.46845993262792279     
  0.28264807453503416     
  0.27093266897804535     
  0.30470436874000706     
  0.29936326538504149     
  0.51505425669593807     
  0.36288785006603874     
  0.29465095032674926     
  0.37453645519477352     
  0.54122032630558270     
  0.56421073723708248     
  0.49465915520616227     
  0.48247503752284537     
  0.42624231658340467     
  0.31110254396913112     
  0.44146812342900754     
  0.48310762407263530     
  0.39225382720083246     
  0.39829262976346358     
  0.49241014078931600     
  0.54595098722301894     
  0.54548321360805885     
  0.42945758323184757     
  0.58949445339790929     
  0.69586453250600822     
  0.35378555894666353     
  0.63994763293252444     
  0.37804960095012652     
  0.26204045272469312     
  0.27959669951827237     
  0.26796039899638657     
  0.55366140174248757     
  0.41540365784323130     
  0.70453436855532336     
  0.33051200118454555     
  0.25450224587302839     
  0.29525869232065777     
  0.25762359794248069     
  0.39268403608943764     
  0.23655462387152343     
  0.30022993222332572     
  0.50969487151036608     
  0.40783912834404923     
  0.32124219059701403     
  0.37924372615949714     
  0.65242533368828137     
  0.23146071367629195     
  0.67408405574138042     
  0.23795175213926958     
  0.48884483204420570     
  0.35059160094943614     
  0.43333761876334587     
  0.60206306451118752     
  0.29687073993129082     
  0.60784957839057208     
  0.28002370804705184     
  0.42917338517769044     
  0.40037749747465567     
  0.29077655737706243     
  0.43472919064687998     
  0.53716587924507586     
  0.32905778611684816     
  0.33566608807521869     
  0.20112072753737986     
  0.43829470129173187     
  0.56069143625440521     
  0.52878652311335794     
  0.15578173445006541     
  0.65248693155899962     
  0.23525844194783713     
  0.34564210193121447     
  0.61210417358944580     
  0.25099776586228678     
  0.29707676176394515     
  0.35225032258776801     
  0.41519498595616061     
  0.30415130145686409     
  0.39234401950137110     
  0.22537473047859383     
  0.65669214600814529     
  0.56469539846883110     
  0.26340385602011473     
  0.60497870767407647     
  0.27386413596760428     
  0.28252684570595293     
  0.28776393454454607     
  0.33957881093076286     
  0.32268220825315330     
  0.38678246545506573     
  0.38546961196176782     
  0.60557065328753523     
  0.35743852333741744     
  0.33484647952331748     
  0.56226275425799499     
  0.38968388764323458     
  0.32074296193459911     
  0.56062934452782520     
  0.32069529656871720     
  0.47620028359477679     
  0.24772828970911848     
  0.57307127514179801     
  0.52876770606632584     
  0.27529222985827756     
  0.58066365733276992     
  0.28079138425753131     
  0.44361344286125032     
  0.26225412593928427     
  0.29278753109358296     
  0.23081904485257823     
  0.33357994000680807     
  0.35122054234316424     
  0.47147786074671511     
  0.29131959889866310     
  0.30304771818798021     
  0.36261615632346489     
  0.31390968413054665     
  0.38326244135745080     
  0.22813439438808644     
  0.55909105869467202     
  0.60837639136206967     
  0.34631107593508526     
  0.43884970964910441     
  0.28412248017974084     
  0.23723788959934780     
  0.40946367717583404     
  0.37324881804763660     
  0.29935925810633929     
  0.38032031068367855     
  0.54234950417909733     
  0.27298025802779807     
  0.29175693889298204     
  0.32584955195348853     
  0.26396595330050171     
  0.32959507430447205     
  0.57904147452367816     
  0.36426208225178502     
  0.59238332498855317     
  0.28271136068112435     
  0.50863565999639337     
  0.54825121003479993     
  0.33930532414082293     
  0.57830400916113711     
  0.53124564549738174     
  0.39020060290089537     
  0.50663407989212350     
  0.30878821994369310     
  0.41390912506707633     
  0.56071751455043295     
  0.61598032363007238     
  0.33767677630972476     
  0.27062033516822798     
  0.44923561920748351     
  0.50938671723172579     
  0.30813993230077819     
  0.72328379474220172     
  0.30142050917413626     
  0.54997542338388217     
  0.55288039760175356     
  0.58202579172913438     
  0.31044808060230927     
  0.31408963284175179     
  0.32302905234664847     
  0.33995074785597557     
  0.41119780198635186     
  0.33685973384429119     
  0.56164213008981201     
  0.33080851260316835     
  0.58179228003553152     
  0.29320622706559402     
  0.27366741186518168     
  0.41864429113248686     
  0.30940478914900127     
  0.57273575486228523     
  0.35372182374241745     
  0.22933732673388138     
  0.47456097787268670     
  0.68113835834845016     
  0.29862327103028480     
  0.37416462611271067     
  0.25114836677693736     
  0.37618691469962867     
  0.58574039302379810     
  0.40237089769744105     
  0.53773695824282464     
  0.34584838238223564     
  0.22815955662296208     
  0.53359022267489420     
  0.27232971515108689     
  0.50176330238994094     
  0.62047405328601235     
  0.50387004256388279     
  0.51942243251759157     
  0.34868579214094703     
  0.35906040327187122     
  0.33663479144949421     
  0.61071499618733793     
  0.29728745076415775     
  0.55476411188894403     
  0.30386307483407538     
  0.24632860911765994     
  0.28503152212914779     
  0.57246596805916261     
  0.63881545678593143     
  0.55629251598161900     
  0.63276361664847591     
  0.28280554865565044     
  0.26164744723794309     
  0.33351920681553626     
  0.33882693402093628     
  0.23289344446019686     
  0.54594551194203300     
  0.52152497133255826     
  0.30642551360943210     
  0.26643232963448726     
  0.32584629319555536     
  0.38963263281071153     
  0.26702145043545339     
  0.20312454324214513     
  0.40633628240269032     
  0.29031788410329451     
  0.58202579172913438     
  0.36625305000499769     
  0.33160327710232185     
  0.67390596507883804     
  0.55422285144850014     
  0.42318628298041749     
  0.27535810890856161     
  0.27152168577755964     
  0.43274307349481334     
  0.31692680474575458     
  0.31358755780232556     
  0.27103042940631689     
  0.29037599646138335     
  0.37542615358455445     
  0.37267514114096306     
  0.29143160465596024     
  0.36276884252963548     
  0.25462959302053301     
  0.26418678187324846     
  0.27485091979538767     
  0.30184977038486666     
  0.28542440704455280     
  0.39462822837767947     
  0.32242944769915288     
  0.38985236023443282     
  0.28763990546182372     
  0.31528787816120657     
  0.52149155593465935     
  0.26527439988067636     
  0.49045402299433621     
  0.44856223131152434     
  0.58529425042235395     
  0.37532067591749574     
  0.57289146131251645     
  0.35373428195367829     
  0.29093972543855767     
  0.28575101769980332     
  0.11468448804860847     
  0.56816507411305628     
  0.31571921822405979     
  0.31222885338193707     
  0.44320918756696481     
  0.41303823356885305     
  0.29115437336297251     
  0.48800981755465800     
  0.46176327082619839     
  0.36227828595821759     
  0.44648382153664484     
  0.23683182167920899     
  0.24332141219872469     
  0.57728750870527434     
  0.56567957007806935     
  0.36209469924137239     
  0.27666589997697211     
  0.30667689219760225     
  0.34902673389243366     
  0.25233897275168143     
  0.54491332045117569     
  0.60828345186122024     
  0.31846592170095972     
  0.26531495652939269     
  0.29451381046942710     
  0.26224349887097864     
  0.33271958452513262     
  0.32588736945640862     
  0.30270534353197731     
  0.30179785854407659     
  0.26863376895345176     
  0.40008185597470258     
  0.20971941022173748     
  0.37374769527423451     
  0.27481974329054953     
  0.57072187285096643     
  0.29642539062449325     
  0.34195879648484434     
  0.38168511984659276     
  0.37813883831649203     
  0.24656387664481833     
  0.25429118374902043     
  0.22828853857625284     
  0.29001355467018813     
  0.51338744957907179     
  0.29243193770135550     
  0.25160842385673643     
  0.49935313721998942     
  0.37753288271934959     
  0.55761593568497603     
  0.37272542712474227     
  0.31133129280894223     
  0.49918910986408654     
  0.33462060822077316     
  0.29629474574265058     
  0.46367470224811680     
  0.32157194819469842     
  0.32136295867156583     
  0.28069696960204693     
  0.25081499172414168     
  0.35200823570228418     
  0.33755582616507857     
  0.26589322218209815     
  0.27662724744840644     
  0.35598389132690061     
  0.34684405477867691     
  0.53982312929327869     
  0.57381460062679246     
  0.72328379474220172     
  0.46808867715861191     
  0.32741514968332175     
  0.27579264927163843     
  0.30933392722513359     
  0.31028778839416482     
  0.30671690263410711     
  0.29059974902919311     
  0.30782675731177750     
  0.51512050083354877     
  0.70493782284365503     
  0.35535950332823629     
  0.34121548055054274     
  0.35819147824914910     
  0.40642375597047203     
  0.22439703944500186     
  0.60837639136206967     
  0.28849613573703897     
  0.23685981632644373     
  0.38669726573571594     
  0.34715240450810120     
  0.37581967381598286     
  0.32478323640656276     
  0.51117158718204692     
  0.60177113502694823     
  0.37258772912920213     
  0.29065433408308838     
  0.31497204547854474     
  0.29435982115663695     
  0.21762424581946846     
  0.29460528583709922     
  0.28860237989305698     
  0.34481367774309390     
  0.33969883569869702     
  0.63078320070314609     
  0.43131858883085405     
  0.30799293750348322     
  0.48159805562234209     
  0.40398303240484074     
  0.35756101204903540     
  0.35104428537929522     
  0.57731003410077220     
  0.55651705592431278     
  0.20353498331669606     
  0.40944783978880545     
  0.29239624661187502     
  0.21385323168851103     
  0.31241152442246589     
  0.26745804488007879     
  0.34896729997260961     
  0.61934939144898871     
  0.62026608585269560     
  0.40146108622061566     
  0.29289277784845769     
  0.61357780731036793     
  0.31992225591251056     
  0.44152804441535265     
  0.34824162204940423     
  0.30444351595640012     
  0.28324818049047995     
  0.32413440431955043     
  0.26208925586204834     
  0.55289648852404372     
  0.34776785482447503     
  0.53208751961351530     
  0.27160544507716516     
  0.41743586896791302     
  0.37105290862921753     
  0.30118814599665866     
  0.46814047248929824     
  0.50716217291256671     
  0.29164886888302299     
  0.40031096700020752     
  0.61468290832308192     
  0.55394193462759089     
  0.32318159033488231     
  0.25036029543216071     
  0.30896375354891503     
  0.52540687313036438     
  0.39889244359565296     
  0.49864047965956998     
  0.53238989252990443     
  0.46822704149959826     
  0.22656205407717964     
  0.30332162776724314     
  0.40175670387644674     
  0.35507934110207806     
  0.31615083287916013     
  0.30412063545491963     
  0.32147023938961966     
  0.32491786188999661     
  0.33622179935332669     
  0.50169802112008133     
  0.39222495579976013     
  0.37036847036424181     
  0.55958563002943551     
  0.53762930964409317     
  0.55047126212262598     
  0.63295910154171520     
  0.26273170700397291     
  0.37793843146343542     
  0.40041533264812540     
  0.47834769575562591     
  0.28911374126939393     
  0.31153609230655072     
  0.34565044434837716     
  0.30020670084547835     
  0.41001707674182658     
  0.26775567321482935     
  0.59746834844599628     
  0.31170881783148907     
  0.35359743501705349     
  0.54840058766301547     
  0.26765372793995656     
  0.28228201282968995     
  0.31950204250369657     
  0.34950813633878514     
  0.34057036674654584     
  0.25662311847173946     
  0.36363764124335130     
  0.30349210071390298     
  0.30480100606169203     
  0.37139148056459054     
  0.34414922524497032     
  0.62149984896215316     
  0.27493683295250437     
  0.30831617265901906     
  0.52006027825621781     
  0.27641012228166184     
  0.25371875290306362     
  0.34374963906271055     
  0.28439110771454290     
  0.36638818521952682     
  0.34327811270925090     
  0.27593948551337538     
  0.31396987730098630     
  0.21724613033635534     
  0.54443036501212727     
  0.32311286024077368     
  0.56075610853627156     
  0.33623446043918331     
  0.37185459247180436     
  0.49145883029208282     
  0.32349978194718815     
  0.28208986976876721     
  0.29853275269068852     
  0.28127146145991239     
  0.29616301939934814     
  0.38260866755097772     
  0.25154315653032761     
  0.50272596384950763     
  0.56472949404876649     
  0.28753201755207103     
  0.66180418123378770     
  0.31767693679141945     
  0.25071482172094933     
  0.23941593932336594     
  0.33441655733380260     
  0.55306875424823365     
  0.55301219742637364     
  0.28408212623721746     
  0.31354903104822679     
  0.29418905993739608     
  0.35258590644619192     
  0.31350026009710608     
  0.26742824241301388     
  0.51149420092114539     
  0.37185459247180436     
  0.35336469049831620     
  0.34484563312211186     
  0.38584429584711538     
  0.33747888041261465     
  0.30411150621694782     
  0.36327209193423099     
  0.22968862661395573     
  0.35765268487353208     
  0.25396460615902205     
  0.31354619082254126     
  0.41710102739867050     
  0.33449789962937365     
  0.26974902053276617     
  0.31138064992820402     
  0.54154289984168746     
  0.28198349055230404     
  0.36859707408786124     
  0.39974447381305417     
  0.39950450485211131     
  0.13332602316879202     
  0.28750993947254300     
  0.26738215125388543     
  0.60181237626198292     
  0.32597388926749410     
  0.37045689965974815     
  0.48435107849420145     
  0.53604358846007483     
  0.41096706044317349     
  0.35510486916610212     
  0.40398060144390913     
  0.20772670627764289     
  0.40626340021579077     
  0.60920827489774199     
  0.30547061681487442     
  0.26006236038050162     
  0.20624021931784545     
  0.37108089112372100     
  0.30358096064740625     
  0.31562669353467671     
  0.53829205361443322     
  0.54233985925861217     
  0.33494954127833032     
  0.32932842937606216     
  0.54270928772081095     
  0.57129968693737432     
  0.28040940122642166     
  0.25358402902339788     
  0.31512182464078103     
  0.61126101736457561     
  0.28205125018889721     
  0.22923133821135411     
  0.55870024549570696     
  0.29954723022987867     
  0.35846161815878708     
  0.29611662443928921     
  0.56200332931602237     
  0.62645544550893595     
  0.35334567276856105     
  0.16238045939776460     
  0.26090193053322991     
  0.25912816006415385     
  0.33122056728893562     
  0.27867761469097074     
  0.31271596237129362     
  0.59366225230617908     
  0.60993795660637706     
  0.32037779540865557     
  0.30251421050637572     
  0.14967117989760026     
  0.29729372675529453     
  0.23045269142716460     
  0.30009895140779563     
  0.39549904131662333     
  0.36520425279622176     
  0.34148219084682496     
  0.31119599480040822     
  0.32146042012836479     
  0.54821211103405965     
  0.47143264706448873     
  0.36874926925815965     
  0.28646955233010440     
  0.24816126952877629     
  0.30916060036685961     
  0.33431914050021194     
  0.35924236410468968     
  0.41757254114687831     
  0.32411859861006481     
  0.32079680954424672     
  0.59366225230617908     
  0.40224766729154926     
  0.56884491601697029     
  0.36862666017095480     
  0.35678046200666813     
  0.37145269946329978     
  0.27871189242961725     
  0.48131470487337830     
  0.29345851012630930     
  0.18295082386999739     
  0.25516131470160747     
  0.23386230661951987     
  0.31411804763340118     
  0.54033629191311172     
  0.32908011461820835     
  0.29199704683176048     
  0.36887036647414290     
  0.29625704399525621     
  0.64372036898546880     
  0.33831940541808420     
  0.67766168377398861     
  0.30642929575507766     
  0.29136959896853382     
  0.33220195421303239     
  0.63881545678593143     
  0.41644310539060664     
  0.31471327239255159     
  0.59698028715472085     
  0.51992443421444556     
  0.68818997900186274     
  0.29839765534240326     
  0.25489191611561796     
  0.38475992865254072     
  0.60897654087949016     
  0.26637166366248854     
  0.38172718149353779     
  0.27687877945698347     
  0.40350450715974917     
  0.46019312270857993     
  0.38518531312383109     
  0.37056698291595708     
  0.32153833075489335     
  0.59990142663248502     
  0.31196329133926876     
  0.34118321948363156     
  0.26788020493509823     
  0.24521909957798624     
  0.34955772019284570     
  0.33070278060728681     
  0.30196845153085478     
  0.41503774320826170     
  0.37748741691357635     
  0.24067966031657334     
  0.36508722440834129     
  0.32963332638857012     
  0.52527198903132721     
  0.31768557258369806     
  0.52820297072306388     
  0.60847465418918067     
  0.27512117164981964     
  0.46258876220636891     
  0.28730381745529771     
  0.32558665336227161     
  0.33470673412581958     
  0.35901644651666209     
  0.26058067574538091     
  0.60466526688635880     
  0.37431813406020287     
  0.61250573400730846     
  0.38976094243414222     
  0.22967742773354488     
  0.34002690616281350     
  0.31873373867736909     
  0.30713834682425545     
  0.38239745496197791     
  0.56616064288476664     
  0.33109676202431088     
  0.30058346522772666     
  0.35963962355072698     
  0.31905414916997782     
  0.26531206387917888     
  0.32251777068961457     
  0.29955035593575952     
  0.54275029265523467     
  0.32376219937956235     
  0.57951003708189208     
  0.41493064236366911     
  0.56838916067749468     
  0.32768796670335293     
  0.28344944922474746     
  0.37150493608505258     
  0.35924740594751942     
  0.25220104210930711     
  0.45480520140198688     
  0.57773184586885529     
  0.34351879226839699     
  0.32958585617213654     
  0.43548942968025323     
  0.61362727392440741     
  0.57399759656594418     
  0.61125473797084751     
  0.28640084072003158     
  0.31299233824056433     
  0.32868670856463650     
  0.28717066233316779     
  0.26315992804783411     
  0.31176656973040495     
  0.24932843906166877     
  0.29733050870755001     
  0.60282015815111067     
  0.27910833089903969     
  0.29221540582609218     
  0.25927268570207912     
  0.38567662207211889     
  0.30472203291356703     
  0.33065893880666641     
  0.57833082062084296     
  0.24981278608928814     
  0.30740163497676914     
  0.26974354175082355     
  0.64728104287087096     
  0.29482907398825636     
  0.41394092917105318     
  0.39188879184031727     
  0.44363682530034404     
  0.54202478230394324     
  0.35575517377760840     
  0.34593186135132969     
  0.35551973122617631     
  0.25233205740646686     
  0.32869907780209057     
  0.54938110953503727     
  0.33299480166431078     
  0.24812202878965500     
  0.37167621326156425     
  0.30388854862182818     
  0.62529050240314754     
  0.63917248813072358     
  0.37870683406569111     
  0.53763816333441283     
  0.39980976509130206     
  0.51876626391249814     
  0.21060516215874095     
  0.27041774108877942     
  0.27951658710948540     
  0.57824415519630479     
  0.20595541034578485     
  0.54006946660159960     
  0.46470809069906599     
  0.32050714246298284     
  0.37189170630705332     
  0.31007124386444329     
  0.30272724185597444     
  0.26379367503685730     
  0.53921833605303693     
  0.27947353146498760     
  0.30629683716909484     
  0.26651275542522185     
  0.46075625817380533     
  0.34421797796945641     
  0.35765620930982267     
  0.32821479943881632     
  0.56075186622259565     
  0.39340420013082739     
  0.27394293835803296     
  0.34096514825296104     
  0.40213933714675060     
  0.38318293171695500     
  0.49541037262114329     
  0.30399279358204612     
  0.28828389797073917     
  0.31321379261973470     
  0.52823116633119960     
  0.34637816595403703     
  0.59715934086481648     
  0.24563924890929795     
  0.53170932606671095     
  0.30993292552478385     
  0.32483704815023351     
  0.38387618476751872     
  0.20477169153684616     
  0.36169641787463214     
  0.31429837915345826     
  0.37320584304539878     
  0.49675971288673693     
  0.32038536291338110     
  0.43755685974917341     
  0.34338524362269940     
  0.18671353729612089     
  0.32869427652336908     
  0.55884685799789902     
  0.37257365758869432     
  0.59348879343290528     
  0.30219898963608938     
  0.40344565492864060     
  0.56681127880545756     
  0.26143998464252671     
  0.56805593404342714     
  0.47762139424896671     
  0.27449788994388463     
  0.46767084764654909     
  0.29129875446804648     
  0.61282059020772628     
  0.30898649657115179     
  0.35528968474025574     
  0.55159283922589564     
  0.37342437296760367     
  0.26128070940395376     
  0.24563795214428039     
  0.50495298254661958     
  0.38995910321594301     
  0.61710944992021011     
  0.38044000711295178     
  0.35849707674763398     
  0.30007616788353286     
  0.28611377553681994     
  0.64805997939246096     
  0.43678034334250126     
  0.46794585903147840     
  0.31910528756023965     
  0.29480434892097951     
  0.26831325256571709     
  0.58514117661576359     
  0.37779990444543465     
  0.41767623659460468     
  0.47906950605896514     
  0.24454725949399728     
  0.52649660347388427     
  0.37588000279705319     
  0.22530673808933072     
  0.52079512919050186     
  0.27511957311316648     
  0.28914257142567928     
  0.35199568389955399     
  0.30787088379328742     
  0.31041993305960336     
  0.46434561287827758     
  0.52945261695178114     
  0.52606020258409480     
  0.53941814939510546     
  0.66650157904850327     
  0.38820009154512730     
  0.32142559919681707     
  0.25824615876940948     
  0.48922182073612325     
  0.39905652035357092     
  0.28177504697140721     
  0.45460435769505292     
  0.38557699300737103     
  0.34535076311719998     
  0.39990665823802174     
  0.28605918292657551     
  0.60287876209895097     
  0.34486372597876080     
  0.27082639771261358     
  0.28520771884602741     
  0.57251125852849494     
  0.26309018373018384     
  0.22845785877474314     
  0.26021160046302738     
  0.25577612150931073     
  0.34132994340614747     
  0.30997302144637945     
  0.57905218540289471     
  0.47178253865289788     
  0.30927699121522956     
  0.23199204104477447     
  0.67711366436700560     
  0.34231184997478276     
  0.38665047205755315     
  0.25663969411246590     
  0.25151866370059667     
  0.23338138214083298     
  0.57726271309004473     
  0.64001887878252395     
  0.55502514111001688     
  0.37461319827555584     
  0.35106552509198696     
  0.52518471917549914     
  0.40395913785821125     
  0.31783927670733836     
  0.54291703572287198     
  0.29567004716813422     
  0.53027439846120228     
  0.29428764283933556     
  0.29497432405807711     
  0.31956963990495313     
  0.58575090065283864     
  0.55229503612695141     
  0.38102917355649579     
  0.29338268536444223     
  0.31269979092921940     
  0.32919423747059123     
  0.32830789550698747     
  0.29658778660042612     
  0.34756079035014170     
  0.43066296356071454     
  0.36835618313183494     
  0.29743152646725196     
  0.32192602745287424     
  0.61105773951654629     
  0.32638823214341822     
  0.31566951112292790     
  0.36364189073462683     
  0.41433478345724667     
  0.27439122975504043     
  0.33845376771545149     
  0.30033268331101526     
  0.48809506684164156     
  0.32716353704117951     
  0.30864393668465839     
  0.34634035695188586     
  0.23582423413815060     
  0.35591445732080651     
  0.40911604281840985     
  0.38948592060464787     
  0.34810959367495881     
  0.52341779556562729     
  0.37265594485164671     
  0.58186612976761398     
  0.59695596640009363     
  0.50532568191851535     
  0.68191515609732267     
  0.29131432406994534     
  0.29337816957277091     
  0.31763129569852033     
  0.55354837022923475     
  0.39071376362195648     
  0.39342778588632510     
  0.41296739927971965     
  0.51242793448170476     
  0.33632870470610071     
  0.30181909495460768     
  0.52186758414896595     
  0.54233985925861217     
  0.28333284503570511     
  0.54586762429582691     
  0.36662301553883286     
  0.23132164151269766     
  0.37109081571287750     
  0.36372589734599403     
  0.30445445602706300     
  0.32266802976971137     
  0.21991039941790114     
  0.48544010417881306     
  0.37114212702361055     
  0.24767808721888401     
  0.52738146472481906     
  0.35250132664706002     
  0.36028355375217952     
  0.43865728352477412     
  0.24722115025048536     
  0.46413504948521433     
  0.61735662201463859     
  0.37201247563497541     
  0.54252561612511074     
  0.41011452441889662     
  0.28464963128856363     
  0.40167892384926018     
  0.30145577562192544     
  0.36543805662706003     
  0.21498865694484370     
  0.35290869077158443     
  0.50350531358643391     
  0.26481730657335678     
  0.46790799314250925     
  0.26145207066571585     
  0.25193314339474021     
  0.26668264924400603     
  0.28859593181198023     
  0.33334533431299629     
  0.36161759639476321     
  0.60198559220909231     
  0.23460964426073164     
  0.42088470932176619     
  0.37666331210488074     
  0.47771455062239249     
  0.56152073632058752     
  0.29649562588893791     
  0.48487555208055094     
  0.47475771001364159     
  0.27636077620060651     
  0.59495081668849292     
  0.29593184955703633     
  0.32832026019890170     
  0.32329669019578688     
  0.26415984194718323     
  0.31155762240497675     
  0.49427195668328094     
  0.28929478061863023     
  0.41465428173629726     
  0.57977460377093748     
  0.67857359998763789     
  0.29553252360240029     
  0.30566155175074344     
  0.31772105526133215     
  0.56895922085230122     
  0.32508546564917823     
  0.31735681060188609     
  0.42971006913458970     
  0.32526524518352506     
  0.35832883351902717     
  0.31969276821525366     
  0.27406272981608409     
  0.32312814129047157     
  0.28761699866769053     
  0.35803957589865809     
  0.31896009175869172     
  0.40648693718821771     
  0.54671391290385662     
  0.53916989579543995     
  0.20742806428159782     
  0.30019643112450756     
  0.31018228671542514     
  0.34326767925336493     
  0.25100359537952016     
  0.37210221714976111     
  0.42189214245206808     
  0.25054568906917218     
  0.38252971007020942     
  0.28431894491350995     
  0.46354390867845485     
  0.31684841677172387     
  0.53294954124263727     
  0.34833255601540231     
  0.31821558717418652     
  0.30375891007117295     
  0.36142115709996997     
  0.54460486993975232     
  0.29417554837584536     
  0.32438736140445146     
  0.58574039302379810     
  0.37916991828550617     
  0.22765614525626801     
  0.53284503672902561     
  0.59534906754470363     
  0.46637309965329593     
  0.31958266274645336     
  0.32031645230575717     
  0.44722172328184434     
  0.49176112780291414     
  0.59566091100562335     
  0.31110254396913112     
  0.22309841492762864     
  0.36858538799944474     
  0.27391754006220004     
  0.28214672518865669     
  0.25513878165241927     
  0.48458108276516981     
  0.41219999513248956     
  0.39850683100859002     
  0.56366830543466606     
  0.32288525924735639     
  0.24684459545123491     
  0.40053390504165720     
  0.35766208243131054     
  0.56929674546197706     
  0.33643108564093904     
  0.59544004406541429     
  0.31014346048524838     
  0.28216501612382100     
  0.36069811582221123     
  0.42054139957133774     
  0.51181021212098921     
  0.40065066474404526     
  0.25024856073100066     
  0.47275230185417710     
  0.68818997900186274     
  0.31874774348893214     
  0.29155574093864434     
  0.25949619969750470     
  0.33301417248402104     
  0.58362675954346355     
  0.28596034260989067     
  0.39043102487476661     
  0.47557405251381696     
  0.49550114518498872     
  0.24678036586480517     
  0.39683386735417076     
  0.66645098935121372     
  0.52607668281260722     
  0.34418443774363933     
  0.55016098546957426     
  0.33291208214066620     
  0.48948824151651205     
  0.51204598404910051     
  0.31427637314029616     
  0.53476941852753079     
  0.34455817229914465     
  0.26844795419196654     
  0.30311189899708579     
  0.30645993769134400     
  0.26421817008379067     
  0.29748261322206065     
  0.31952310662538397     
  0.53716587924507586     
  0.28341773516350488     
  0.44427779257678596     
  0.19884306787984704     
  0.44860555162151783     
  0.37826481634829284     
  0.35457726252510824     
  0.34498245554911333     
  0.29477140976815475     
  0.29373508787522068     
  0.35839906453127973     
  0.27247885694033286     
  0.20030625188620693     
  0.27010249165795153     
  0.68045808482418857     
  0.45732172099728574     
  0.28186764730979436     
  0.28974206411580755     
  0.34296911925943008     
  0.19158032796341057     
  0.40320335779290656     
  0.57949459429315708     
  0.51914727903777425     
  0.38257903697056617     
  0.43790217117195324     
  0.35181696547452612     
  0.32992048830410897     
  0.29577618477286322     
  0.26566570098887443     
  0.19251775949864711     
  0.60201898457209513     
  0.36713481893497490     
  0.57129968693737432     
  0.26563848230765497     
  0.42688971201229942     
  0.41904112412913047     
  0.34932295380880418     
  0.31830558092418859     
  0.56456886028077413     
  0.64409715299446291     
  0.31193916212310197     
  0.25639728582275140     
  0.48626280124199528     
  0.37864071617993766     
  0.58178050030392192     
  0.51550166449519053     
  0.34256902060636735     
  0.34421815840898645     
  0.56224864052699697     
  0.39558169583236147     
  0.20258404325825433     
  0.30723486771683112     
  0.22426228348736940     
  0.26171980765743352     
  0.30339055343248605     
  0.31255440355765957     
  0.37311869377642481     
  0.32847738019008360     
  0.59986208593425627     
  0.37640537654660888     
  0.56753944166326831     
  0.38485892328749705     
  0.34744821413183513     
  0.51407305316409657     
  0.30257185792835317     
  0.22701358716681910     
  0.41628647594801366     
  0.35143946776994461     
  0.27252367587162429     
  0.31008154500257207     
  0.55478146491736091     
  0.45331447917579215     
  0.48922695673481337     
  0.32516433205327527     
  0.30863939338059249     
  0.27565064626360625     
  0.30898951839202671     
  0.28677285951157355     
  0.29524051127463841     
  0.34008458293504157     
  0.43627493927577304     
  0.41132126189261747     
  0.35376955958124573     
  0.37424874196605046     
  0.30331210553840088     
  0.22316704773974735     
  0.27331570825193813     
  0.37355968416370156     
  0.42769882823645883     
  0.30983463510159853     
  0.43979857242203552     
  0.31261217073628789     
  0.44923388579364520     
  0.32050800342170105     
  0.52820297072306388     
  0.29095157076867390     
  0.37075811546270582     
  0.28967646593069563     
  0.27792955917183243     
  0.49011794712455470     
  0.27381413270152705     
  0.57191665448915174     
  0.26290805986098215     
  0.29822812410642113     
  0.60784957839057208     
  0.50069885487501531     
  0.66084053999799575     
  0.28940869513664097     
  0.29557806445863366     
  0.24576705053349837     
  0.33378975815372164     
  0.32977287319348458     
  0.29581261850761770     
  0.23372764684243544     
  0.34956453412305571     
  0.38480868881324737     
  0.33650958929346531     
  0.30633180549776845     
  0.23838746165563721     
  0.30888698729558123     
  0.39018984711112853     
  0.25651521611914385     
  0.29346482512460781     
  0.45097608476747686     
  0.38127846470773424     
  0.21193780952053315     
  0.29071413756961528     
  0.33409221286813057     
  0.28121173283158790     
  0.58448719068963984     
  0.31237869980199151     
  0.69010963329866559     
  0.39150864690988890     
  0.27937596803690351     
  0.41079380324236703     
  0.35853581239376892     
  0.34001575796810773     
  0.32962736969153161     
  0.56401083336907998     
  0.24572383634678469     
  0.24933052432025252     
  0.38913392001670882     
  0.53735655278380157     
  0.38400468648054409     
  0.52285549641623952     
  0.21484713834182637     
  0.36236630412283199     
  0.41908346467766333     
  0.27968346363271074     
  0.21294425724802435     
  0.27120874271854883     
  0.33677748007862629     
  0.28589236149303110     
  0.61186554396821358     
  0.28958374691771060     
  0.65541009394345295     
  0.30197046349887169     
  0.30913630422807914     
  0.51690748180637058     
  0.20989587862008641     
  0.29970126155688531     
  0.31973213839197545     
  0.57274989500343709     
  0.20760693640338362     
  0.58186612976761398     
  0.43911143796856017     
  0.35988045678725461     
  0.30695006907427586     
  0.26236021475685273     
  0.26724761354054405     
  0.45086571308081203     
  0.34193886126635448     
  0.51024105647538665     
  0.67455371339076009     
  0.29805317477540183     
  0.55728185905855909     
  0.26553081647972948     
  0.28587569959106035     
  0.49672477443967045     
  0.54078646204093206     
  0.32315749736949323     
  0.31995913980697438     
  0.27238017848273105     
  0.31949616711533829     
  0.30697702931898269     
  0.32760971332264627     
  0.51898247445014989     
  0.26661523227039369     
  0.52509916546769586     
  0.25518475665413859     
  0.28600068932080336     
  0.63982694104729021     
  0.55074766018488963     
  0.47582283771702810     
  0.27022645503793224     
  0.29366696627069661     
  0.35951555380414701     
  0.63295910154171520     
  0.34340256390469059     
  0.59986208593425627     
  0.53648340403175465     
  0.29953041070643166     
  0.44911795601099647     
  0.32770534983983057     
  0.29760484715641372     
  0.26234997518774356     
  0.22730360738483132     
  0.48460852197362703     
  0.34853497485249263     
  0.20451471320751494     
  0.39346090342999346     
  0.32541066177940769     
  0.32591667051544426     
  0.35949906714268348     
  0.53896956479124225     
  0.32105865689977137     
  0.37509901686094754     
  0.32437878509909573     
  0.24336553449980597     
  0.34337092414485021     
  0.20332191540783348     
  0.27482402191519834     
  0.36045139954229360     
  0.23605602656114333     
  0.29833879596095897     
  0.40055259203836102     
  0.36737816687764141     
  0.61250573400730846     
  0.58713010171291036     
  0.46776960049499899     
  0.29300497213071391     
  0.30816020441198094     
  0.56762906668081203     
  0.27461245846626037     
  0.26287173100189376     
  0.48247785966380657     
  0.37121682230326158     
  0.66455687819546649     
  0.48655590704193163     
  0.57503054202703119     
  0.33222067730532134     
  0.22036719009103209     
  0.26766643994879719     
  0.31154561510484585     
  0.27414140729568837     
  0.28456409378428826     
  0.27192898539187510     
  0.61379639945236264     
  0.33404004768587486     
  0.55799549028462025     
  0.27526515685888098     
  0.36034784081893700     
  0.19089073060254777     
  0.50325388228483503     
  0.35661535778340109     
  0.34085601990339698     
  0.65327150590761152     
  0.33478292160963119     
  0.31274258014233319     
  0.35535130088560740     
  0.62854556906047909     
  0.49315881600388378     
  0.48531907533431340     
  0.29896734452781432     
  0.41806915638818520     
  0.28253726591548106     
  0.32172756889827109     
  0.36364408313618940     
  0.29050425439893612     
  0.25181285630253525     
  0.64329044688353310     
  0.51912653552590449     
  0.43546022171595483     
  0.58337915163274623     
  0.40026323235095373     
  0.32005423835872787     
  0.55867704274748453     
  0.31545568169721777     
  0.55551663728521583     
  0.47480588139936702     
  0.48078144938056366     
  0.45342229906516279     
  0.30720205383329530     
  0.25587610045638604     
  0.66140327715622071     
  0.39820082115709116     
  0.43256032021823088     
  0.30655558434651814     
  0.58723519275076175     
  0.32505556022775678     
  0.33783583788219607     
  0.19264934135273173     
  0.27204284527288453     
  0.30784403310699432     
  0.27071400632564646     
  0.28499197658202924     
  0.30583190579437802     
  0.48629866867014687     
  0.26497032202058868     
  0.57383151700114443     
  0.48919759962024195     
  0.27551607825426422     
  0.20878954672806971     
  0.24374786336992615     
  0.25777181671535787     
  0.26387735582152899     
  0.37158164872909089     
  0.55775699209274443     
  0.27696357707894914     
  0.23864391133621601     
  0.29701775735671399     
  0.23843443564260758     
  0.53539130744865160     
  0.45335310764364628     
  0.35897716087153131     
  0.66293726455021396     
  0.52537337220113045     
  0.35248764466066113     
  0.30708297429185355     
  0.28568544543786817     
  0.36030407213814247     
  0.20518509465846207     
  0.47805535603622518     
  0.34238677012450158     
  0.34397773242402785     
  0.36298602318972173     
  0.33227286430642078     
  0.29282926294560740     
  0.35329880342306580     
  0.26389002151494073     
  0.51808132113550076     
  0.57569152859612205     
  0.58514117661576359     
  0.32497824751681631     
  0.57873643194294833     
  0.61151779727197708     
  0.29639581819373595     
  0.51806947882720433     
  0.59775664822399666     
  0.31888165358540216     
  0.58882602479264778     
  0.29947596199268450     
  0.59701612526287706     
  0.43304711201795654     
  0.23338479581748886     
  0.29270797655767145     
  0.35822561595388291     
  0.52716152505222535     
  0.25354724066041734     
  0.52332535104030808     
  0.58430514752169060     
  0.63142319191672314     
  0.64643853145894203     
  0.28643707879681751     
  0.51570042195695343     
  0.31223437314921232     
  0.30607909873904166     
  0.32198997783784533     
  0.36600071876034218     
  0.60192773951644152     
  0.28587054965751735     
  0.52345624184237227     
  0.60872338167290874     
  0.27344507180144767     
  0.27965851042547635     
  0.32216353620816396     
  0.51222506577714455     
  0.44853046809075414     
  0.63276361664847591     
  0.23016774118979760     
  0.52588149023020703     
  0.41035744936294200     
  0.54183762471123698     
  0.26759548314473119     
  0.36003407436021573     
  0.46988960806453450     
  0.52606160946535385     
  0.56371988844525356     
  0.54136903453798080     
  0.33885572187960289     
  0.32699262818593577     
  0.22628455320666624     
  0.26038561445036468     
  0.29920741898348768     
  0.33699429733996678     
  0.39593001157042429     
  0.52773964335518175     
  0.30260664777566942     
  0.30226099652481964     
  0.56651495987178702     
  0.29983235803385005     
  0.29333276269094538     
  0.29148552850645415     
  0.32484947114824048     
  0.59179737275351418     
  0.33778553704479919     
  0.52458318276515625     
  0.23096121531106395     
  0.51510053433038772     
  0.63289390027251557     
  0.36898990005908683     
  0.34084648822943037     
  0.59076302848615414     
  0.28517710717141276     
  0.29077595512248672     
  0.30199897406433773     
  0.59254819527520175     
  0.26388417964873168     
  0.52985553078563641     
  0.23446058895009886     
  0.27434941900714960     
  0.27657528050556801     
  0.33582763471486343     
  0.50961004292539225     
  0.30236773656573102     
  0.49929965140656302     
  0.26994273366196869     
  0.30703971720035028     
  0.34700356575546365     
  0.28711752396857787     
  0.50580821172624968     
  0.54538068368568704     
  0.31112036740821497     
  0.29964123099236334     
  0.41450567341442862     
  0.50969487151036608     
  0.36606443508493008     
  0.22237351881556194     
  0.45900334828462369     
  0.25907850635361607     
  0.57025860434045672     
  0.30283640846073151     
  0.31099932861441465     
  0.28310139234637260     
  0.24375823055363957     
  0.67408405574138042     
  0.24491226044814435     
  0.27187297677276551     
  0.35237634047132438     
  0.64372036898546880     
  0.34822233918141693     
  0.51951320240441268     
  0.35344440016754880     
  0.21294621496661895     
  0.40519452403817630     
  0.45958554113216415     
  0.47918919306264263     
  0.26084933212185479     
  0.32469334526620053     
  0.31759032466095299     
  0.34552852979362236     
  0.27037807850083123     
  0.41481928483995512     
  0.30512777435427146     
  0.33477510013393236     
  0.23735225201634177     
  0.44903999121588573     
  0.25301142404745353     
  0.32927944131619202     
  0.31083619566847381     
  0.40550706416254040     
  0.40915141986866260     
  0.63503636852844636     
  0.54293471568985585     
  0.29701433421352175     
  0.60325917145311669     
  0.29543272947550975     
  0.38042785458580780     
  0.53644476248094652     
  0.26610178704191567     
  0.51914727903777425     
  0.35085561539318127     
  0.29704071326063158     
  0.29260169895244820     
  0.36434091555160675     
  0.33525042050571197     
  0.59699148594708917     
  0.55035497702690739     
  0.32311633582228333     
  0.21244061074933154     
  0.36930385573381158     
  0.39978404401912410     
  0.53307713666664158     
  0.39556496357382848     
  0.52041724250125299     
  0.29887141258375888     
  0.63051883675789200     
  0.28031406983183960     
  0.41478274410136423     
  0.54029453520460458     
  0.36155813375128126     
  0.47547736451788775     
  0.41093987282245048     
  0.62417844899496977     
  0.26556811215385812     
  0.32127994947828764     
  0.18723554933157802     
  0.32173074467945045     
  0.27967791864939751     
  0.55413717444252197     
  0.41806303340978668     
  0.27219975802059626     
  0.59930752631268325     
  0.40575052839320230     
  0.31332364020367554     
  0.36251642552759367     
  0.55674320655301412     
  0.24675118800300805     
  0.30518660108403634     
  0.25648143205386187     
  0.53110622420532994     
  0.43297498051371436     
  0.52023171413557845     
  0.27959680305722595     
  0.29765363376469511     
  0.61690415938995335     
  0.59621872112858498     
  0.58951930545609343     
  0.38920191677490412     
  0.52195684370166717     
  0.55074766018488963     
  0.36311583470096109     
  0.54492714807677012     
  0.36062457124340513     
  0.68496871470108556     
  0.51963646265775121     
  0.24199427683995026     
  0.33564534726323325     
  0.54398680206471905     
  0.28734352314376771     
  0.43718798775396317     
  0.53996122367938504     
  0.37145632744099655     
  0.56769436249048799     
  0.30762354627968375     
  0.30526354692597640     
  0.30184715444041249     
  0.16752824115585449     
  0.23766023643440354     
  0.29287331044968534     
  0.32042405076423036     
  0.33182105282350360     
  0.43238537634262958     
  0.34100716536320452     
  0.47028561383745066     
  0.53779224745617793     
  0.57135914054003845     
  0.25123817007300442     
  0.51398413622440731     
  0.27790330037283656     
  0.50755941899805146     
  0.62925037144592555     
  0.39570995973051865     
  0.50003451466228022     
  0.27040281118449405     
  0.32996593975436184     
  0.38406505471603791     
  0.38719866626056665     
  0.60596494922470978     
  0.22000243640318762     
  0.27023255756521047     
  0.51971910995475579     
  0.33681901507188222     
  0.50179332394123732     
  0.44836014484876319     
  0.41046451575933790     
  0.29902356587478235     
  0.37826383071446551     
  0.35546045882203703     
  0.36366217448263849     
  0.41487699031071307     
  0.27018213003945385     
  0.19124357760335509     
  0.64307911214859048     
  0.57079314726652408     
  0.29940781345857542     
  0.54031479811902805     
  0.30584433033814928     
  0.33665687117933901     
  0.30108673303408984     
  0.34631408600017410     
  0.26737368004829914     
  0.61468290832308192     
  0.55264319267647088     
  0.33053492226651388     
  0.38930719801643610     
  0.24614311363464628     
  0.28436627563495520     
  0.45353575413411268     
  0.58337589225267894     
  0.34405598539472004     
  0.25508153257717542     
  0.33038428852765750     
  0.26362440594944309     
  0.45912170929756152     
  0.55808577741130039     
  0.33545327491861876     
  0.48279457213575078     
  0.25296366782335145     
  0.67837785317060328     
  0.40316421391388829     
  0.51307196937699573     
  0.28595677770869105     
  0.56164213008981201     
  0.32358240975126629     
  0.34335338229493950     
  0.54059520163165820     
  0.30201431736698037     
  0.41909015280026468     
  0.25767410834729909     
  0.40425399803304679     
  0.56043654654286312     
  0.32831362449827461     
  0.23560729448854320     
  0.53489845494129162     
  0.32735978967036594     
  0.44621324289535097     
  0.66180418123378770     
  0.47747489584618730     
  0.45020136937727995     
  0.54843423858568174     
  0.26005421839780513     
  0.31450183123405318     
  0.34069222959201068     
  0.37761279468840919     
  0.43734730580500042     
  0.48183277158507781     
  0.27758545663730999     
  0.47991553935357667     
  0.42018444097087060     
  0.64161288908875602     
  0.36927862685074164     
  0.49847171592444089     
  0.32780994866025898     
  0.25388673433748316     
  0.30524329950254953     
  0.28434501456065769     
  0.42963643189822309     
  0.61102228659164681     
  0.32564120913904904     
  0.58376539733352339     
  0.29403756769101286     
  0.54821503782464809     
  0.27527512869049592     
  0.21455977347948338     
  0.25390115727645313     
  0.53095760780450307     
  0.66455687819546649     
  0.21809060997240143     
  0.33020994139845150     
  0.45689122416305444     
  0.64576339953767981     
  0.23006851365409844     
  0.28190080670663364     
  0.30652573262313659     
  0.54899909089451226     
  0.22173345760298618     
  0.43558650631306262     
  0.22533592332977748     
  0.47868537606753664     
  0.29573519982903840     
  0.33632545697971755     
  0.53118966746204321     
  0.32818847507280002     
  0.37830466032948895     
  0.32984381221023307     
  0.41558285173851411     
  0.70493782284365503     
  0.29646668674630922     
  0.56742789375221614     
  0.56940836231484449     
  0.27604372355453055     
  0.63142319191672314     
  0.27114571414955968     
  0.51999069202009973     
  0.31252857822801799     
  0.28616273085885818     
  0.55517800123394123     
  0.50680821896524331     
  0.27276821068839219     
  0.34344434588657485     
  0.33122739231856291     
  0.32810366836301058     
  0.50765653461552129     
  0.57152895989674768     
  0.36988459528812462     
  0.35850222925090713     
  0.38158481239527725     
  0.52230716154666779     
  0.27481301408270742     
  0.52234441644483720     
  0.45217515890017068     
  0.33947026431922928     
  0.24998098916171715     
  0.29003215461813014     
  0.24478274618885620     
  0.59839216085391445     
  0.55389419986098709     
  0.31815540757779237     
  0.33489966500094609     
  0.43447324113175761     
  0.29746890316729530     
  0.28705970195733604     
  0.29179451710537002     
  0.56655480387161372     
  0.29139837215927045     
  0.32077221874715378     
  0.34799135972338285     
  0.30974757982840501     
  0.36305819850293453     
  0.57692603566147571     
  0.27127017762946354     
  0.29296942011146537     
  0.34109307100699315     
  0.30108740617761121     
  0.21838572234459086     
  0.31886814540081487     
  0.45686321593033202     
  0.62830178430031558     
  0.49805179352792056     
  0.30958305880128789     
  0.52773964335518175     
  0.33823946195702304     
  0.30912374895431805     
  0.41597747511618871     
  0.28649436461590971     
  0.25477956191513884     
  0.31735861130241194     
  0.30584789415529462     
  0.27502928704651347     
  0.28091448939011487     
  0.35101903311412802     
  0.52048683670517837     
  0.32499013274330230     
  0.43843896717086711     
  0.24782192566419367     
  0.27054111155345889     
  0.33519268451781842     
  0.23811603131178369     
  0.55599275914499302     
  0.29260606707342818     
  0.65248693155899962     
  0.36866484478343087     
  0.46537528636805270     
  0.30613046069140870     
  0.66084053999799575     
  0.49913765522041853     
  0.33055571284186619     
  0.28373527887773914     
  0.65211933345413331     
  0.35183058254784538     
  0.33133708604638595     
  0.30733613466538567     
  0.37782411172741953     
  0.27651571708251921     
  0.65169784075514470     
  0.27082938355256719     
  0.33501821695027567     
  0.32764583434867389     
  0.31560764041448602     
  0.56128227668183850     
  0.54148255236144605     
  0.17220071624622416     
  0.48856450329588169     
  0.30245922040483658     
  0.63942392659197977     
  0.27986262240366350     
  0.55776393757103260     
  0.64336829678893148     
  0.38781695936759758     
  0.33854777700614364     
  0.40001323035382463     
  0.34295607962906377     
  0.22756658728757947     
  0.41002127646778214     
  0.40587931194850707     
  0.32651661927306308     
  0.40584492340433453     
  0.52217732092584623     
  0.30539220763517394     
  0.46369215486930515     
  0.48923780952809170     
  0.59703460174180145     
  0.51184911704623237     
  0.32444284356351322     
  0.29829228429238186     
  0.28652993901047163     
  0.59654559580752442     
  0.47547009943697294     
  0.24049056596703783     
  0.26970295745284950     
  0.40504665316405136     
  0.31368671640288642     
  0.29116697111165479     
  0.26768598526034970     
  0.30974975337475641     
  0.29037426740446332     
  0.33438171584512361     
  0.31791018802710047     
  0.35782395649346382     
  0.25515983611445459     
  0.36047559757455039     
  0.22356664092015621     
  0.34563726464235778     
  0.57438772168521912     
  0.46820058869949538     
  0.40014678040821872     
  0.31626425449858503     
  0.60920827489774199     
  0.25712506848000416     
  0.33945447699823172     
  0.48657521619441274     
  0.59200856525898293     
  0.49858929601923602     
  0.33205523647042950     
  0.39374078105832466     
  0.45706336108713508     
  0.32272068172421681     
  0.32889732323208254     
  0.41236858791785197     
  0.50695883282287924     
  0.24011169718943393     
  0.32465165679639785     
  0.48095529301165213     
  0.60468630430931625     
  0.32193806309908390     
  0.37363141328165927     
  0.34960682436478491     
  0.31369096618437775     
  0.65242533368828137     
  0.28367099081153946     
  0.57089976438352952     
  0.57466785701199874     
  0.31834687577077836     
  0.30729461906542066     
  0.35268983374840102     
  0.29475304554000237     
  0.33620697499284502     
  0.50825253738271148     
  0.26593957167355953     
  0.32651239054686426     
  0.47506390355925632     
  0.35265695813771286     
  0.32527385944199683     
  0.28373325854573250     
  0.61267220757300267     
  0.26970694039622284     
  0.34336547141517426     
  0.58638377955805043     
  0.26228355478343673     
  0.35319497102016534     
  0.62645544550893595     
  0.27373794957816644     
  0.24124282882355133     
  0.37194464256917648     
  0.54324606083371629     
  0.31877644247954884     
  0.32418663800886882     
  0.25344274916147114     
  0.39350541996977667     
  0.16280693234089494     
  0.41419386382844314     
  0.21288694959535412     
  0.31227039398003675     
  0.60253901909877472     
  0.36451550776864339     
  0.37044863793832122     
  0.28748630475385806     
  0.27181307184230213     
  0.36213839601087044     
  0.23937616947392121     
  0.55996934651070052     
  0.31845894581790185     
  0.44361344286125032     
  0.27844052346850134     
  0.52765717044442351     
  0.38014904233233426     
  0.35561428026714204     
  0.34401182950063441     
  0.50695883282287924     
  0.42282915115619596     
  0.26791302549268881     
  0.29545582415139410     
  0.38093308409049087     
  0.44206570271266421     
  0.52311499779210191     
  0.33975513389363282     
  0.27816856247596922     
  0.54796303845199301     
  0.29115498561590336     
  0.31892061148367834     
  0.34690078497039561     
  0.29718439885043463     
  0.32100490553552108     
  0.34911578696715462     
  0.29174452426558195     
  0.41350572208003522     
  0.38687033812974442     
  0.51843319037954294     
  0.37014999251707187     
  0.44561294757707248     
  0.33670690330437147     
  0.31992225591251056     
  0.29479334948077568     
  0.55996934651070052     
  0.28916950315626200     
  0.47800401604251469     
  0.36279080769449246     
  0.39755819726103142     
  0.31749237250716672     
  0.59076302848615414     
  0.32855179370754589     
  0.42807905932121382     
