   1.9577777362536493     
   2.4482746734046508     
   2.5332931730233650     
   2.6081490462192631     
   2.6942922072402058     
   2.7568234505014138     
   2.8110387900441536     
   2.9359559332442817     
   3.0377570756388206     
   3.1040750701228959     
   3.1189103380655947     
   3.1826185034017271     
   3.1975728006040467     
   3.2442506714531869     
   3.2583871663693680     
   3.2846968989278893     
   3.3232845139501159     
   3.3416445090138009     
   3.3482251717427838     
   3.3876511010550838     
   3.3955167827090524     
   3.4136489648467920     
   3.4335092136031538     
   3.4668499638745423     
   3.4967781623486638     
   3.5015183816313358     
   3.5241395007308807     
   3.5705194050255504     
   3.5854443090505392     
   3.5929112751295800     
   3.6050244668953364     
   3.6435514160699256     
   3.6604043032922200     
   3.6712146334581028     
   3.6854612167135685     
   3.7401386260977909     
   3.7455724389300111     
   3.7635151544672727     
   3.7693754560603234     
   3.7935455784609555     
   3.8203333723931108     
   3.8348925601720865     
   3.8399066857568216     
   3.8466691209085697     
   3.8523621884375734     
   3.8715140744528687     
   3.8970563086152654     
   3.9002255476809800     
   3.9069926390656344     
   3.9197576153360210     
   3.9341935489596418     
   3.9551512728782048     
   3.9566073205136245     
   3.9709855314495695     
   3.9834458327411024     
   3.9880726876188719     
   3.9942069752491722     
   4.0039701862876012     
   4.0152128798009796     
   4.0304846855398191     
   4.0478299197762322     
   4.0526502335538819     
   4.0616459706908925     
   4.0674255913459003     
   4.0723898096319093     
   4.0835735385287313     
   4.0924301818266846     
   4.0988037675426696     
   4.1044189465557519     
   4.1173311733287221     
   4.1278230265287181     
   4.1366292161037101     
   4.1390489006264657     
   4.1441940692772006     
   4.1510377834283156     
   4.1547893352889984     
   4.1635734966407529     
   4.1735928345159188     
   4.1848086584506303     
   4.1962485453608318     
   4.2004071919106618     
   4.2040530402031644     
   4.2142880341751097     
   4.2199864064410884     
   4.2361792000662453     
   4.2470418898161695     
   4.2512879562282118     
   4.2554746576315194     
   4.2635701891966455     
   4.2713437156620557     
   4.2839575434585138     
   4.2903500373636003     
   4.2985565386182749     
   4.3016757207752692     
   4.3074098696463441     
   4.3119160477986016     
   4.3191862438638564     
   4.3327332070786406     
   4.3434318561880829     
   4.3510892862022592     
   4.3615170879914080     
   4.3705771679565002     
   4.3747339909516842     
   4.3775310149271975     
   4.3872306241915382     
   4.3904284445181050     
   4.3957003258737508     
   4.4032085051964822     
   4.4082525220968307     
   4.4183478999940320     
   4.4336578783750671     
   4.4404949560495082     
   4.4420094751945935     
   4.4486050952088734     
   4.4533825791151918     
   4.4595687329216203     
   4.4636227474191665     
   4.4689436298126690     
   4.4779903036550506     
   4.4845828930347968     
   4.4908183305025453     
   4.4957154607165331     
   4.4995845019370115     
   4.5012185362649761     
   4.5111020763434126     
   4.5165542917585020     
   4.5224338721566149     
   4.5299467688591575     
   4.5358852018114062     
   4.5429443246143668     
   4.5445908089141902     
   4.5548182864012681     
   4.5568514651153853     
   4.5645556481304324     
   4.5683063646944833     
   4.5753043737390335     
   4.5822638470723156     
   4.5852061316002830     
   4.5968933469933333     
   4.6022013481913620     
   4.6034919091016340     
   4.6060187526888248     
   4.6117968903952056     
   4.6164199887504518     
   4.6211908036852716     
   4.6305019414806159     
   4.6347789738742682     
   4.6355923617557862     
   4.6395846152400217     
   4.6447704611241294     
   4.6531289538605449     
   4.6544062203501557     
   4.6622658475200058     
   4.6642486049262990     
   4.6690021069542826     
   4.6723496728602614     
   4.6743005318484068     
   4.6774612557021138     
   4.6860483732562823     
   4.6942833919228715     
   4.6959681567890552     
   4.6985341337236184     
   4.7031583165994890     
   4.7049117419761135     
   4.7050266075296552     
   4.7134200362511445     
   4.7153039866537663     
   4.7212122312766684     
   4.7275822743643445     
   4.7297304561191105     
   4.7409951129082000     
   4.7469383664372540     
   4.7508251047893211     
   4.7537317511391928     
   4.7594992364630269     
   4.7608776326226296     
   4.7632252053424082     
   4.7649488562669724     
   4.7662067109263075     
   4.7775920415792150     
   4.7815452282094260     
   4.7868905260065349     
   4.7903037028455104     
   4.7913238764476000     
   4.7947026618978112     
   4.7977544139966550     
   4.8032567533890838     
   4.8068809519349083     
   4.8096182555525084     
   4.8144134883386549     
   4.8205445244252312     
   4.8248020406345233     
   4.8280717319495947     
   4.8328608709318397     
   4.8347152979441672     
   4.8386262446716826     
   4.8421413281778376     
   4.8492060971374142     
   4.8555302095796797     
   4.8574682038454053     
   4.8634773190652361     
   4.8683420116082772     
   4.8685287184858259     
   4.8700508837324969     
   4.8748249061029361     
   4.8774104046732329     
   4.8783006203238157     
   4.8838759363142712     
   4.8923071646862297     
   4.8926246258222248     
   4.8973345050913544     
   4.9036162836957891     
   4.9058405619200958     
   4.9106898884593679     
   4.9143093093504575     
   4.9158799088640590     
   4.9212921221373094     
   4.9230004798888096     
   4.9254155614245230     
   4.9305136009829393     
   4.9335733285460437     
   4.9348099595420383     
   4.9371151115477208     
   4.9436095699058180     
   4.9448937068331764     
   4.9478152830127176     
   4.9500954219596869     
   4.9524280289976481     
   4.9563477563340168     
   4.9581742895895422     
   4.9611952673677076     
   4.9639052798382002     
   4.9649242689266257     
   4.9726932571753775     
   4.9746231382282637     
   4.9770051215537059     
   4.9809423275645548     
   4.9848284742165818     
   4.9886812850962761     
   4.9942933963607450     
   4.9954557328028848     
   4.9984788913451874     
   4.9990178122074900     
   5.0080976334707117     
   5.0129215570849057     
   5.0201024436166692     
   5.0215375610528294     
   5.0235955711243294     
   5.0265154466524624     
   5.0293150399879574     
   5.0309667118686576     
   5.0342284901082159     
   5.0402105391841161     
   5.0434064048743332     
   5.0447174137593880     
   5.0466156152683288     
   5.0471561713111690     
   5.0542378655661073     
   5.0555497057683025     
   5.0623601835331922     
   5.0626729197026386     
   5.0681048683776462     
   5.0688267877690274     
   5.0712513590331625     
   5.0756999508631813     
   5.0766119165578685     
   5.0802314104504704     
   5.0819624342856864     
   5.0861147557351307     
   5.0935588382610613     
   5.0946047203260427     
   5.0991529678977043     
   5.1020736050914994     
   5.1044562079834561     
   5.1058572161640088     
   5.1093958569374403     
   5.1120306337531556     
   5.1126005614129593     
   5.1146415649701371     
   5.1185977869147417     
   5.1224921607236080     
   5.1266408583610401     
   5.1281092139789655     
   5.1321924339291396     
   5.1327306836359972     
   5.1398921156278359     
   5.1418325927073063     
   5.1432209035442025     
   5.1457812149161519     
   5.1500785276394003     
   5.1503758795941073     
   5.1557151443116753     
   5.1573812566927968     
   5.1603242782266641     
   5.1626538623608260     
   5.1634221368885855     
   5.1665840124849618     
   5.1707563188516383     
   5.1729523881087651     
   5.1760303743615133     
   5.1771430379192562     
   5.1799654397478125     
   5.1824495634619137     
   5.1844716435289095     
   5.1882991565918966     
   5.1919338440888829     
   5.1925535700757282     
   5.1945143708306407     
   5.2021118527530454     
   5.2038691175236949     
   5.2068117238406755     
   5.2102531766121185     
   5.2113618735930567     
   5.2136819570275090     
   5.2189317983159054     
   5.2250743677087952     
   5.2270746926247602     
   5.2275496050407328     
   5.2285198523343563     
   5.2326237548449877     
   5.2370699060678474     
   5.2426230835739203     
   5.2437828904950834     
   5.2478775417838204     
   5.2491255835834139     
   5.2506915151015079     
   5.2523638833182176     
   5.2577744588566109     
   5.2588223603180877     
   5.2615240003490715     
   5.2642699780198035     
   5.2650159633110025     
   5.2690775830838446     
   5.2701842303957482     
   5.2733771937154383     
   5.2753158006271681     
   5.2758844627046271     
   5.2810526423995245     
   5.2840409870296625     
   5.2883924988417004     
   5.2901887970617025     
   5.2961633808895350     
   5.2970255608673398     
   5.2993956853531765     
   5.3031590325448246     
   5.3042772805022711     
   5.3073585052221306     
   5.3109234526302291     
   5.3117236745750018     
   5.3148020315070372     
   5.3179297943825787     
   5.3200532921609476     
   5.3241235071581841     
   5.3274596476031686     
   5.3284268946698949     
   5.3317133650676984     
   5.3319303197632575     
   5.3331418309640686     
   5.3362112748404833     
   5.3386381252409425     
   5.3397143717391966     
   5.3426944861451622     
   5.3445751311901724     
   5.3468629804611201     
   5.3485790722852729     
   5.3507674251742579     
   5.3545249323926321     
   5.3560011525644882     
   5.3580527060252718     
   5.3615247529382373     
   5.3672579673127156     
   5.3678989590727388     
   5.3686255228558792     
   5.3710247068990418     
   5.3715165602507202     
   5.3774374331477430     
   5.3792144166353930     
   5.3830689806020864     
   5.3842789756592326     
   5.3866074078306116     
   5.3892708959537421     
   5.3905484059929369     
   5.3940953476580464     
   5.3971247231040689     
   5.3982040961191018     
   5.3986944855172698     
   5.4010071886766307     
   5.4038893061288880     
   5.4061932177645762     
   5.4068980073480590     
   5.4073824944708324     
   5.4097269797027012     
   5.4119989785210372     
   5.4150263725336112     
   5.4158016098120019     
   5.4179491024180821     
   5.4211612463460215     
   5.4224040327806309     
   5.4229495645235097     
   5.4252793664425729     
   5.4302446695705173     
   5.4314120565736408     
   5.4319240023895414     
   5.4325396449459884     
   5.4347301774468075     
   5.4371322758530907     
   5.4424310548230235     
   5.4447700240068722     
   5.4455006341605703     
   5.4511112726978039     
   5.4529122281509510     
   5.4550183134424586     
   5.4561337916867814     
   5.4597932738748982     
   5.4637398322710702     
   5.4659724030047894     
   5.4695803954077817     
   5.4708050081048167     
   5.4746658196099123     
   5.4755123421899423     
   5.4781018748712214     
   5.4812122225999014     
   5.4830481402853195     
   5.4863447305618394     
   5.4874682412122233     
   5.4903596348267882     
   5.4911783767074542     
   5.4956381358263293     
   5.4961921685982551     
   5.4979902480092520     
   5.5006135546052999     
   5.5014520017099136     
   5.5023654063000116     
   5.5050054919511631     
   5.5071912569984498     
   5.5085285080143436     
   5.5094273264015765     
   5.5130691363654654     
   5.5137204333534546     
   5.5160786269968387     
   5.5175896382600200     
   5.5193618268228350     
   5.5219397500877108     
   5.5239390814359828     
   5.5256216245291743     
   5.5281351933292004     
   5.5292232569884829     
   5.5323890995207652     
   5.5352838319596440     
   5.5379694576382690     
   5.5397658429663990     
   5.5408373043233210     
   5.5436066138957774     
   5.5454897540616761     
   5.5469702268315624     
   5.5485657859920590     
   5.5512449071802843     
   5.5528050840426353     
   5.5540423039504496     
   5.5566299326323323     
   5.5591624956432657     
   5.5612029771216944     
   5.5621942990082225     
   5.5632816885514087     
   5.5665665454932833     
   5.5676363430657041     
   5.5694971945595659     
   5.5726997044314732     
   5.5736719538276027     
   5.5744098710220236     
   5.5766428103279369     
   5.5778014117944483     
   5.5783226381579070     
   5.5812007231378820     
   5.5824215776626405     
   5.5836098530091300     
   5.5875471998022741     
   5.5909761386600767     
   5.5915700053753232     
   5.5926164358550041     
   5.5962405596038751     
   5.5983433263130742     
   5.6010704616657065     
   5.6021410492728627     
   5.6037554666907727     
   5.6048115278305009     
   5.6093392526894830     
   5.6097746704702409     
   5.6110988630238881     
   5.6131501317801877     
   5.6139822319623569     
   5.6160204260050506     
   5.6191064226593435     
   5.6216682197083276     
   5.6234338218432738     
   5.6253389995084460     
   5.6269647682407884     
   5.6289913713805539     
   5.6304705415904186     
   5.6330376156510047     
   5.6335360718248113     
   5.6358001671057991     
   5.6387338340055404     
   5.6420113104863523     
   5.6437715213034600     
   5.6468215730824420     
   5.6485653099570232     
   5.6495704079245286     
   5.6508105335713008     
   5.6537584358485802     
   5.6548693314093095     
   5.6563979286477801     
   5.6570601913359173     
   5.6598635949135119     
   5.6619626570200996     
   5.6638514696040163     
   5.6644252346975286     
   5.6658153200417463     
   5.6669590298841364     
   5.6693024578970377     
   5.6722743461605951     
   5.6740796151124844     
   5.6753570083974916     
   5.6774115902192444     
   5.6793638698103655     
   5.6800895999762684     
   5.6826082286675854     
   5.6840129340861765     
   5.6861809499349940     
   5.6892889384055101     
   5.6898825492122533     
   5.6911706735534668     
   5.6924767512004166     
   5.6949294159364978     
   5.6954199440128273     
   5.6976658374606686     
   5.6996819185999774     
   5.7004302559113489     
   5.7019701411317323     
   5.7033852423864193     
   5.7041584798506992     
   5.7067579185951534     
   5.7106311897218731     
   5.7111957578061929     
   5.7120698853716707     
   5.7155345182138673     
   5.7177298822768892     
   5.7198425281091057     
   5.7217137222265411     
   5.7228671281193479     
   5.7254728298923112     
   5.7275303190636286     
   5.7277973337428483     
   5.7319266182140023     
   5.7324380806446120     
   5.7338799921385357     
   5.7360262538232192     
   5.7368928938215600     
   5.7393325876809040     
   5.7408197200753861     
   5.7418814672822487     
   5.7434529536956793     
   5.7445178299034261     
   5.7461497752002835     
   5.7480587886572536     
   5.7489081795729531     
   5.7512624732066584     
   5.7538005408675224     
   5.7547159973748627     
   5.7559923405305655     
   5.7586055229664561     
   5.7599998696448944     
   5.7607899443143067     
   5.7613468229417135     
   5.7646127863019316     
   5.7656101124552341     
   5.7688581173010292     
   5.7698008739470854     
   5.7716857352901805     
   5.7735279289290364     
   5.7741755578552354     
   5.7781725902345160     
   5.7798323132386038     
   5.7821442819745981     
   5.7844893089142229     
   5.7856417011606975     
   5.7879747219621134     
   5.7893495087169144     
   5.7901655416967666     
   5.7916498150213744     
   5.7941397622694044     
   5.7951028096510289     
   5.7968667697194940     
   5.7989363830865734     
   5.8014801795119526     
   5.8015275755971913     
   5.8048128040205267     
   5.8083347517071271     
   5.8085653529275074     
   5.8106776978509318     
   5.8110189061058160     
   5.8120792123803868     
   5.8141994631837264     
   5.8152775392141303     
   5.8164334599423659     
   5.8181487813847719     
   5.8203543154670108     
   5.8206844277429859     
   5.8226829823154267     
   5.8235814511590869     
   5.8256854744364990     
   5.8262293712328157     
   5.8286295999649500     
   5.8314060186246257     
   5.8316784327321658     
   5.8345543524801524     
   5.8359739626025027     
   5.8363664700542843     
   5.8393332635947184     
   5.8415045049619101     
   5.8416812347113245     
   5.8441267532932191     
   5.8470758397496985     
   5.8476298301448910     
   5.8496748946552399     
   5.8511970328292584     
   5.8518591323982516     
   5.8532636163372791     
   5.8546374305926623     
   5.8579908381842767     
   5.8592326986025691     
   5.8599064309001117     
   5.8619548045505772     
   5.8644280040907226     
   5.8659543800621741     
   5.8667130669814602     
   5.8684864875446534     
   5.8688270688363477     
   5.8712388050851745     
   5.8726447694163273     
   5.8737020496378278     
   5.8757370186961939     
   5.8778131546419177     
   5.8797068550450691     
   5.8801909534953349     
   5.8815519157910439     
   5.8838257698540364     
   5.8850073769584865     
   5.8861171394967631     
   5.8893147763909592     
   5.8898936216608995     
   5.8919131566362006     
   5.8935365683566916     
   5.8950871150256949     
   5.8963068490702151     
   5.8985201209720586     
   5.9000949944981951     
   5.9013922554615421     
   5.9024344328807832     
   5.9042530507180171     
   5.9047283952282204     
   5.9072103622647125     
   5.9084594892006184     
   5.9096584934018743     
   5.9115360558391377     
   5.9146484685277168     
   5.9154665079841342     
   5.9170875964628316     
   5.9191926823656660     
   5.9217266427250070     
   5.9223623808044064     
   5.9243233493169187     
   5.9254721087295259     
   5.9257100054588445     
   5.9274339107677969     
   5.9283848798363543     
   5.9307925601987650     
   5.9321494077995602     
   5.9329014967480509     
   5.9347423053262602     
   5.9371391417419241     
   5.9375502132511837     
   5.9381258681526701     
   5.9407451000690230     
   5.9432717881593264     
   5.9443838267476599     
   5.9445863205970495     
   5.9460476636394421     
   5.9475826900627498     
   5.9482031079661990     
   5.9489305196255753     
   5.9516995497538607     
   5.9530911705268057     
   5.9536904912532247     
   5.9555721216244795     
   5.9594659860689934     
   5.9614762677742998     
   5.9628671030578539     
   5.9641934699375678     
   5.9657549708611528     
   5.9666079020881950     
   5.9684108683807713     
   5.9716323336027406     
   5.9736229131992937     
   5.9747694506525928     
   5.9761163568708122     
   5.9766216003381176     
   5.9785518200718863     
   5.9793082808811242     
   5.9812115814998039     
   5.9844650968270461     
   5.9853308636343678     
   5.9867855417764817     
   5.9887649292188723     
   5.9898925987342464     
   5.9911492378540476     
   5.9916571067911324     
   5.9930821050457910     
   5.9944295009165245     
   5.9967677018335515     
   5.9982301646399643     
   6.0006032540083485     
   6.0015111489018143     
   6.0022548082431593     
   6.0040606662959135     
   6.0052705923286691     
   6.0079174192566009     
   6.0085314863911385     
   6.0100246047555794     
   6.0135815712631171     
   6.0140650252975458     
   6.0159617964976624     
   6.0177959290903003     
   6.0185648566413006     
   6.0198488126243186     
   6.0215766369055430     
   6.0232296320066814     
   6.0243554663587613     
   6.0262171849186901     
   6.0271432626635466     
   6.0290219548286448     
   6.0298410128529136     
   6.0307938768102600     
   6.0321036019520138     
   6.0327995073027409     
   6.0348762145253421     
   6.0363924352620364     
   6.0386222067191841     
   6.0391744611101412     
   6.0425772877682329     
   6.0432380320048260     
   6.0455777806658810     
   6.0463243749062379     
   6.0472511078188251     
   6.0490097539465983     
   6.0504278589655156     
   6.0517849017800369     
   6.0527432306819291     
   6.0537392437280637     
   6.0556384726362831     
   6.0563333212517021     
   6.0586471639573674     
   6.0601838705650417     
   6.0624404981383764     
   6.0627561441834770     
   6.0646028162533927     
   6.0655846614878604     
   6.0672826686161150     
   6.0685407169567878     
   6.0692579598793577     
   6.0709140040267844     
   6.0719411577185323     
   6.0738829298543004     
   6.0748839713752210     
   6.0763035177943205     
   6.0771443230053279     
   6.0788374587584508     
   6.0795629309772830     
   6.0817353701202252     
   6.0828495360256829     
   6.0836620955316505     
   6.0857916768890252     
   6.0877296373021448     
   6.0885602905880969     
   6.0898379421139923     
   6.0919047539005327     
   6.0942898162592183     
   6.0946428971113509     
   6.0959307519537038     
   6.0981120986883912     
   6.0984254652873169     
   6.1001475415237971     
   6.1019226007348024     
   6.1021858119822356     
   6.1046616886816931     
   6.1051486145038689     
   6.1076294864362568     
   6.1115849220145098     
   6.1124268499144634     
   6.1129667364696099     
   6.1148709942932875     
   6.1151196788600135     
   6.1159587615767217     
   6.1173729817372555     
   6.1191977597348144     
   6.1206395923041894     
   6.1226896059336218     
   6.1230971241838974     
   6.1254517235893049     
   6.1264738104599186     
   6.1282790690223070     
   6.1291399711073904     
   6.1303178235202598     
   6.1318877277835275     
   6.1331980139531890     
   6.1352640668871876     
   6.1367251343355687     
   6.1378718970520350     
   6.1391994025210774     
   6.1398644571315693     
   6.1411690458938644     
   6.1431557750756047     
   6.1434108216606838     
   6.1458286422843180     
   6.1473526944590295     
   6.1493192911663375     
   6.1496325626803410     
   6.1532300532530124     
   6.1552872853021956     
   6.1560983018333468     
   6.1565485119456937     
   6.1586998559043327     
   6.1598003790090834     
   6.1607978239653054     
   6.1628810230832158     
   6.1634187323734571     
   6.1655594532842288     
   6.1663527664961935     
   6.1667536282945177     
   6.1684110497865108     
   6.1695427661212321     
   6.1709057310043702     
   6.1727152009209227     
   6.1736119552417890     
   6.1746795976808642     
   6.1777612527529353     
   6.1794426329735295     
   6.1804920233654075     
   6.1821484058104748     
   6.1823649038437400     
   6.1841770611147133     
   6.1851329049142763     
   6.1867414211891809     
   6.1884738127337249     
   6.1893369185666298     
   6.1903898459671192     
   6.1916631750670197     
   6.1922253784214485     
   6.1938494228998664     
   6.1946432233284288     
   6.1966258411886974     
   6.1971199079266421     
   6.1996354555923210     
   6.2011071309879044     
   6.2021018243104065     
   6.2039879067088517     
   6.2058761253770891     
   6.2065141041509362     
   6.2077837525096662     
   6.2094514619768102     
   6.2100399326499796     
   6.2127227083035743     
   6.2140916105321296     
   6.2157723518593997     
   6.2162547351961921     
   6.2175575257441631     
   6.2181742373941171     
   6.2203555683924030     
   6.2220955983100463     
   6.2229007155924538     
   6.2247865639819935     
   6.2258883176348156     
   6.2268681430496873     
   6.2285255510240169     
   6.2304301517520111     
   6.2306846819052915     
   6.2309997641702797     
   6.2320072060789515     
   6.2344721546506072     
   6.2347456294600292     
   6.2370559876666860     
   6.2372205317070151     
   6.2394367200134724     
   6.2404468868800844     
   6.2414910430819921     
   6.2429521845092459     
   6.2446271537694278     
   6.2449004346455341     
   6.2471648767247538     
   6.2481888946028779     
   6.2491893417143878     
   6.2499343551006801     
   6.2534763676250886     
   6.2545113853048608     
   6.2548417956368798     
   6.2560124571304989     
   6.2567453645389985     
   6.2588695035650153     
   6.2598872050531851     
   6.2613127131425461     
   6.2639266909506874     
   6.2643758655203827     
   6.2657334617114913     
   6.2668363264768745     
   6.2687008151684145     
   6.2693361911480272     
   6.2700462600208082     
   6.2720899049104952     
   6.2732026962168090     
   6.2744812342789889     
   6.2754544483887784     
   6.2766633838800630     
   6.2774569620166973     
   6.2794034425968484     
   6.2804064827584121     
   6.2819649419803785     
   6.2829380753822548     
   6.2833758905008477     
   6.2852642724972272     
   6.2871799548355982     
   6.2888140847863214     
   6.2894357597778576     
   6.2917243213469316     
   6.2928179677909641     
   6.2940431689295009     
   6.2955216530408862     
   6.2960236576728530     
   6.2986318629896036     
   6.2988817062274469     
   6.2996018332090662     
   6.3030524671102439     
   6.3038111377249271     
   6.3043687062832436     
   6.3052894936286581     
   6.3075371769946713     
   6.3089416829097926     
   6.3098957421203838     
   6.3104105884056363     
   6.3142861184272316     
   6.3150515434282584     
   6.3159186156060985     
   6.3178445463834736     
   6.3184722935267432     
   6.3198837289190752     
   6.3216631678533890     
   6.3227761399141356     
   6.3237950421643951     
   6.3245099062227697     
   6.3261169437037275     
   6.3281362914653778     
   6.3285512168423423     
   6.3316047991622648     
   6.3324373294295029     
   6.3337895508965545     
   6.3343923879963846     
   6.3355958026053294     
   6.3370313660516198     
   6.3382569004276323     
   6.3394318880190976     
   6.3407882511973437     
   6.3420870164633039     
   6.3423765572393407     
   6.3442506197943143     
   6.3447817002851021     
   6.3461743428370037     
   6.3479376795760709     
   6.3488173097404248     
   6.3502069168150737     
   6.3502765867633091     
   6.3527925238740783     
   6.3533376446284233     
   6.3551469738970745     
   6.3559573344553844     
   6.3574931626420845     
   6.3590291999016708     
   6.3595506974552727     
   6.3608057472364488     
   6.3628481402400219     
   6.3642424282228873     
   6.3644347775058838     
   6.3659130416582652     
   6.3662702631829529     
   6.3696178369774108     
   6.3707530442880200     
   6.3713521404723972     
   6.3724263935080252     
   6.3729772482333269     
   6.3742619806523964     
   6.3764308639916933     
   6.3765496772841601     
   6.3784326144082222     
   6.3793458213291148     
   6.3812644172898203     
   6.3821510907132195     
   6.3844040480544253     
   6.3853405504362017     
   6.3868349296700400     
   6.3880163582606730     
   6.3884857841607294     
   6.3898892671766694     
   6.3916225357519947     
   6.3925641736285073     
   6.3943520112122973     
   6.3957174780621591     
   6.3966635857832053     
   6.3983640648202700     
   6.3996854406518437     
   6.4011028941526913     
   6.4014963567234275     
   6.4016066914730327     
   6.4049326150068877     
   6.4056861059103074     
   6.4081090608509035     
   6.4081766135058515     
   6.4091520308739192     
   6.4105248315051906     
   6.4129497734162708     
   6.4132428627917237     
   6.4162309350772340     
   6.4166302137750897     
   6.4181174473206433     
   6.4193945542603661     
   6.4198993190927789     
   6.4213239625315168     
   6.4218990339295097     
   6.4233891155746150     
   6.4253297713839537     
   6.4257108262121356     
   6.4276207030922183     
   6.4300866221109985     
   6.4309673321613570     
   6.4311497894367262     
   6.4314446495857602     
   6.4331983865044489     
   6.4337171282967489     
   6.4353655631076974     
   6.4377611735720244     
   6.4379661994791624     
   6.4396481485926156     
   6.4407378135233415     
   6.4428533597566009     
   6.4444985856098000     
   6.4450576744055743     
   6.4459436169690107     
   6.4464395533487657     
   6.4471106330851136     
   6.4508295191892566     
   6.4511584164754341     
   6.4529841122263534     
   6.4543903957876232     
   6.4556344145264903     
   6.4566696639424181     
   6.4582870818191092     
   6.4594492503628480     
   6.4601836570127746     
   6.4613269886993363     
   6.4621443160509493     
   6.4639246454370793     
   6.4658436775821180     
   6.4671070553437682     
   6.4680387221948603     
   6.4703583722418143     
   6.4705698843730923     
   6.4732327391699629     
   6.4735041808964811     
   6.4746868750221092     
   6.4754189207107737     
   6.4773349695503821     
   6.4785129762271243     
   6.4788458135074327     
   6.4807037529350238     
   6.4817941200552180     
   6.4833220394708917     
   6.4838342028299651     
   6.4853456787410133     
   6.4866613513808904     
   6.4876779749869016     
   6.4889329352831844     
   6.4907496915202687     
   6.4927600009793824     
   6.4932488226933263     
   6.4945677093006227     
   6.4952084792769869     
   6.4966021360763673     
   6.4978647149088822     
   6.4981001562970233     
   6.5002055187573591     
   6.5025881895049213     
   6.5044552232698987     
   6.5053923544449805     
   6.5063035828381617     
   6.5069896081226215     
   6.5086949109627259     
   6.5101360523326450     
   6.5123200789496769     
   6.5127162893406352     
   6.5129738699499136     
   6.5148179975848688     
   6.5158608622472149     
   6.5171703994636117     
   6.5177842234881807     
   6.5196414007207872     
   6.5207698100007914     
   6.5210291203216553     
   6.5228304141240621     
   6.5244720775454317     
   6.5251685160607042     
   6.5271081706152616     
   6.5276159780399166     
   6.5287560173214292     
   6.5308090043172378     
   6.5324835465971054     
   6.5329963349743743     
   6.5335140363334183     
   6.5347355626190264     
   6.5366437089861327     
   6.5377516636648751     
   6.5390039333790577     
   6.5401864060910206     
   6.5413830788968941     
   6.5428441307859728     
   6.5440945140296467     
   6.5462929555507614     
   6.5477516967327487     
   6.5494358714905525     
   6.5501248328863078     
   6.5520285876262259     
   6.5526977650319473     
   6.5536886557790428     
   6.5546480873724269     
   6.5551205664439394     
   6.5574666034755431     
   6.5584851662947194     
   6.5599508708698568     
   6.5608406318588148     
   6.5617788603423906     
   6.5623686645959083     
   6.5644731062973261     
   6.5658651666870398     
   6.5669934188030696     
   6.5684394698506221     
   6.5706873884525248     
   6.5719942266589317     
   6.5740606700655295     
   6.5746197871907821     
   6.5761529649138266     
   6.5765191807759136     
   6.5788142255018984     
   6.5792928845354801     
   6.5804373237502647     
   6.5808772978116679     
   6.5827849289533926     
   6.5828863684284027     
   6.5852371068581554     
   6.5860768644076639     
   6.5870099957142969     
   6.5877576926664334     
   6.5889424743483946     
   6.5912329167194681     
   6.5933162409301005     
   6.5951596543531288     
   6.5955198313622807     
   6.5963959757311024     
   6.5972650681289426     
   6.5982743331583933     
   6.6006573544676259     
   6.6016384753400610     
   6.6030999365945711     
   6.6032252560634674     
   6.6055825786517355     
   6.6058104172480290     
   6.6076482881942340     
   6.6083890986444214     
   6.6098373065183180     
   6.6120639300860473     
   6.6134997993908016     
   6.6145174917266703     
   6.6153437359337817     
   6.6164948932886878     
   6.6179032923363419     
   6.6193698294737180     
   6.6209854749914800     
   6.6223416426992348     
   6.6232691573892515     
   6.6241401745738751     
   6.6254219661280755     
   6.6264420239570807     
   6.6278122371087811     
   6.6296811523401287     
   6.6300735688396237     
   6.6309804809578425     
   6.6332456181061570     
   6.6339744503966935     
   6.6355151748545103     
   6.6363985719131087     
   6.6369284956799550     
   6.6376720674363128     
   6.6395314577716480     
   6.6399734184399328     
   6.6418821292440393     
   6.6428166764337160     
   6.6451858619133040     
   6.6459277328777286     
   6.6475212716316303     
   6.6486607233073682     
   6.6492539910508315     
   6.6511106620625018     
   6.6517883897904584     
   6.6535941516093313     
   6.6553259217801068     
   6.6569043189039530     
   6.6578493395443479     
   6.6598730104096413     
   6.6599086045355618     
   6.6609918536403869     
   6.6631946529470696     
   6.6640050330207314     
   6.6651045561495543     
   6.6660772619132285     
   6.6674741191480118     
   6.6684972980327615     
   6.6699804552858382     
   6.6719031784010872     
   6.6746478509997793     
   6.6753919678332352     
   6.6759400017460724     
   6.6774654794927519     
   6.6789157052855863     
   6.6793520229020666     
   6.6804573996049488     
   6.6826966487385784     
   6.6830168920033861     
   6.6842153058843801     
   6.6849757449614682     
   6.6866070599674954     
   6.6871459343926913     
   6.6892442840774420     
   6.6903008560968136     
   6.6915027769556374     
   6.6931538481757462     
   6.6939390072373675     
   6.6954888455764410     
   6.6977691957664458     
   6.6991364212286371     
   6.6993331004421961     
   6.6998385883405005     
   6.7013601830470639     
   6.7025590589711967     
   6.7031572972223676     
   6.7057779704460643     
   6.7064408720352473     
   6.7069867677369768     
   6.7081154152662732     
   6.7096858161933914     
   6.7101611966111587     
   6.7112540668489107     
   6.7132736686736356     
   6.7144843727407730     
   6.7162290110784690     
   6.7184715065683083     
   6.7189972897370955     
   6.7202022534577530     
   6.7214637639573676     
   6.7222876499498838     
   6.7243285587077004     
   6.7259908300141635     
   6.7263925767371378     
   6.7276595795382228     
   6.7299892552704250     
   6.7318877160122481     
   6.7326466354121450     
   6.7337330994456872     
   6.7361893397276393     
   6.7370989534989008     
   6.7379719365715776     
   6.7387904951870201     
   6.7398003335429131     
   6.7422274628110932     
   6.7426639194820153     
   6.7433991669989153     
   6.7438118557563875     
   6.7446694645205314     
   6.7455347032771149     
   6.7483552486555718     
   6.7488822589260371     
   6.7495107242894550     
   6.7507299934132146     
   6.7522214544617283     
   6.7536556074651237     
   6.7549845677924036     
   6.7564041900522653     
   6.7579657520129883     
   6.7589634068517794     
   6.7595991922130683     
   6.7599669172545118     
   6.7615033962568631     
   6.7645165666657032     
   6.7664556460747356     
   6.7679790102612660     
   6.7693895108741975     
   6.7711404647773170     
   6.7723711891709337     
   6.7734311544671391     
   6.7738039561211982     
   6.7754214392088805     
   6.7761987044949361     
   6.7772502658388065     
   6.7786924881998374     
   6.7790982040906718     
   6.7811891891076561     
   6.7825525946511052     
   6.7832793392979527     
   6.7843753347767928     
   6.7860133845192152     
   6.7872399505968364     
   6.7880354527937152     
   6.7886585181047296     
   6.7906582113174325     
   6.7930267373716138     
   6.7932694641365297     
   6.7938583158558448     
   6.7951515961520821     
   6.7973504597949779     
   6.7986658412808394     
   6.8013186322487984     
   6.8030813552845988     
   6.8037120275645320     
   6.8044207983475200     
   6.8056530607927677     
   6.8069967482645861     
   6.8086302237149363     
   6.8088036069443003     
   6.8107586015653974     
   6.8121854136509308     
   6.8130128055520878     
   6.8150537027550913     
   6.8163030883249220     
   6.8170408904188395     
   6.8176101792109245     
   6.8200321217124928     
   6.8216495185373773     
   6.8222613496322211     
   6.8236349470764877     
   6.8262958795518802     
   6.8278818847273390     
   6.8294769171943610     
   6.8313121220986011     
   6.8320069785944293     
   6.8325044329877516     
   6.8333521874442198     
   6.8347582395571269     
   6.8361249554412726     
   6.8394825323704955     
   6.8407090298826922     
   6.8412074804381948     
   6.8423924119361592     
   6.8440711774244276     
   6.8449839287083032     
   6.8465350703835064     
   6.8474794057275963     
   6.8486611138389231     
   6.8494201572792059     
   6.8503048091514511     
   6.8537465182335060     
   6.8542179189742374     
   6.8551667893745947     
   6.8568704558885587     
   6.8580585999479942     
   6.8586062652880324     
   6.8603563097850104     
   6.8613606903356210     
   6.8622944776553449     
   6.8640069223860500     
   6.8658661134075061     
   6.8678642060331505     
   6.8696841541767109     
   6.8698358211333517     
   6.8710654664735316     
   6.8726547528004369     
   6.8732939619665618     
   6.8764618306573508     
   6.8773440135649411     
   6.8785182396470610     
   6.8798858598570893     
   6.8815645963666787     
   6.8834296313490011     
   6.8838071984261457     
   6.8850344730661481     
   6.8857585535743748     
   6.8869535146076766     
   6.8895699089409987     
   6.8897106207519609     
   6.8922901462111117     
   6.8930556296641443     
   6.8955458365679538     
   6.8971908897570451     
   6.8984289268851402     
   6.8997145651152874     
   6.9010232165394019     
   6.9011387407565650     
   6.9024795651022268     
   6.9043891128044406     
   6.9048815006822961     
   6.9053839950906859     
   6.9081023655054246     
   6.9102415287261589     
   6.9110392281830393     
   6.9124273852101492     
   6.9141342081807560     
   6.9159359919085679     
   6.9161438936015278     
   6.9174813275972271     
   6.9192237179319793     
   6.9208783619570662     
   6.9215797518256226     
   6.9245391517891468     
   6.9261146410793710     
   6.9263106317495629     
   6.9287612721947553     
   6.9292426918165315     
   6.9304781160868574     
   6.9319143482090109     
   6.9336079487503683     
   6.9354686072378762     
   6.9373188196226367     
   6.9376003974405753     
   6.9387312344824528     
   6.9400898998374796     
   6.9411073311012093     
   6.9432682919823678     
   6.9449591341533123     
   6.9456201678644565     
   6.9467596577787027     
   6.9476160039882071     
   6.9501186659191729     
   6.9509136471904300     
   6.9517690652341768     
   6.9530995279648318     
   6.9546895629758847     
   6.9566321173236725     
   6.9583537775509630     
   6.9618096287413982     
   6.9627150142516525     
   6.9634131399793882     
   6.9636194251830270     
   6.9649185905088213     
   6.9659921649697720     
   6.9690777087310378     
   6.9710804065269230     
   6.9729173433561753     
   6.9742540574799037     
   6.9751598061702387     
   6.9761266162550433     
   6.9782840971239546     
   6.9792326247941681     
   6.9806882899007183     
   6.9814765170141806     
   6.9825750167930485     
   6.9842549618035656     
   6.9849353530451550     
   6.9879712439829822     
   6.9896781472930805     
   6.9898267656837874     
   6.9909812216370817     
   6.9943609465940915     
   6.9947560248215970     
   6.9967658357837452     
   7.0000480106345906     
   7.0002841229517179     
   7.0011382218844815     
   7.0025824025376249     
   7.0036698557914345     
   7.0048136945497408     
   7.0052616773728804     
   7.0063019188508440     
   7.0068150280124089     
   7.0106783807015960     
   7.0114152347706487     
   7.0133133303093613     
   7.0146652634942646     
   7.0161813128144743     
   7.0166662292182274     
   7.0184796357503121     
   7.0199939217416558     
   7.0209532019092302     
   7.0242021899149139     
   7.0254784639351637     
   7.0265804325364227     
   7.0272744049776410     
   7.0277924054186593     
   7.0304128338742302     
   7.0322123618898766     
   7.0337994846777017     
   7.0350785836286507     
   7.0360106418398196     
   7.0375451034132563     
   7.0395735284217524     
   7.0409594374157054     
   7.0416167668192680     
   7.0428559577879657     
   7.0451317450995754     
   7.0475271882494175     
   7.0482356624564364     
   7.0501902582685005     
   7.0512279873136903     
   7.0535554348812157     
   7.0549373816539367     
   7.0559776518301280     
   7.0581098052072830     
   7.0592829833662991     
   7.0597659402635422     
   7.0626610401797745     
   7.0635073677923312     
   7.0644975147282842     
   7.0659277620929091     
   7.0671591989365448     
   7.0690785727163288     
   7.0705001513311023     
   7.0719555681906785     
   7.0750952710176689     
   7.0757312655577893     
   7.0790796551010695     
   7.0806868390512658     
   7.0816629438079808     
   7.0834013349998708     
   7.0855539597351003     
   7.0862053723617429     
   7.0871214187774489     
   7.0881745949029531     
   7.0893290077440438     
   7.0921180037014677     
   7.0936685842470784     
   7.0945845263054794     
   7.0955421859659937     
   7.0961750340363814     
   7.0977842864865197     
   7.1001316901582907     
   7.1015862136669377     
   7.1029482008133540     
   7.1047066239458667     
   7.1053555511230382     
   7.1077080647659265     
   7.1097125485490995     
   7.1119732514303990     
   7.1146791960699431     
   7.1166851301069789     
   7.1182017089950058     
   7.1185464406907153     
   7.1207299316042283     
   7.1239513365883109     
   7.1243013530204884     
   7.1259825968604078     
   7.1275135899473527     
   7.1303053917842227     
   7.1308505187180815     
   7.1347554641537174     
   7.1351579229413966     
   7.1364480664505807     
   7.1376142586376341     
   7.1402250001285923     
   7.1419156722464150     
   7.1426798501945754     
   7.1438588608394502     
   7.1455211630384747     
   7.1465142725560655     
   7.1481804606653254     
   7.1492493753652262     
   7.1509689297519428     
   7.1526893489876295     
   7.1536980385569580     
   7.1553965030102571     
   7.1580079852127616     
   7.1586245318661188     
   7.1622062057255516     
   7.1628156633403073     
   7.1643942034800006     
   7.1656901886753595     
   7.1667011643638130     
   7.1686434197836038     
   7.1691390417039100     
   7.1712924456551921     
   7.1721223535918188     
   7.1758000892778080     
   7.1764701140877429     
   7.1795094350218003     
   7.1813537945067747     
   7.1833846229396814     
   7.1843284530181863     
   7.1873984790931473     
   7.1878754555892836     
   7.1904008582896459     
   7.1921008437509526     
   7.1946259493622140     
   7.1955695275050466     
   7.1965360758309975     
   7.1980843948826676     
   7.2006334122167326     
   7.2009045562053133     
   7.2035345329522533     
   7.2040909198249423     
   7.2045361209373517     
   7.2093445673940666     
   7.2110095922772102     
   7.2133378223720825     
   7.2152733208422486     
   7.2182124120545215     
   7.2192465006479587     
   7.2206088832505371     
   7.2236846096675595     
   7.2243619766752296     
   7.2258540832846689     
   7.2276227370794466     
   7.2280504707564024     
   7.2295746887734875     
   7.2326135030414971     
   7.2344152679277629     
   7.2356741876420481     
   7.2394915805499469     
   7.2407986833190430     
   7.2420499208751972     
   7.2432332467162182     
   7.2442717802782024     
   7.2470069087151359     
   7.2487165849611426     
   7.2499961983497192     
   7.2518173840020612     
   7.2533617696008310     
   7.2559622582444190     
   7.2577940968364052     
   7.2598432654205896     
   7.2620637163170798     
   7.2636517605834507     
   7.2643446379828598     
   7.2675318347351414     
   7.2682143560258341     
   7.2706799616982183     
   7.2725950111992583     
   7.2730773389575036     
   7.2737691308950367     
   7.2770236390706389     
   7.2790276030018664     
   7.2795495678202498     
   7.2810501645119103     
   7.2852403691388270     
   7.2875431207652612     
   7.2901608635817796     
   7.2925189902542842     
   7.2949619499104266     
   7.2976412400608810     
   7.3002024282750870     
   7.3027226332241524     
   7.3048101055511472     
   7.3060892298346465     
   7.3081567458665644     
   7.3092834089972261     
   7.3103190993457483     
   7.3150140554740677     
   7.3155984777351390     
   7.3161158887182065     
   7.3183249222412874     
   7.3197942045569411     
   7.3213264359998798     
   7.3227252014691508     
   7.3234979556087429     
   7.3276429686686253     
   7.3295530252375123     
   7.3314752095903657     
   7.3318887565005468     
   7.3358351235249604     
   7.3410979034771957     
   7.3428663278027813     
   7.3434510434185176     
   7.3450410455093840     
   7.3462988882738083     
   7.3478839328896326     
   7.3502932682135409     
   7.3525633972330366     
   7.3540517621718102     
   7.3563020506814842     
   7.3569414420713617     
   7.3617773254444439     
   7.3644153883528087     
   7.3661468448114400     
   7.3677244071118411     
   7.3686563647471468     
   7.3705038403716356     
   7.3710813862973490     
   7.3738464224815523     
   7.3757472972239082     
   7.3782744475940767     
   7.3819770243617233     
   7.3834776504207031     
   7.3856596241803576     
   7.3877735121013144     
   7.3895072788444596     
   7.3913132850144008     
   7.3928995782802920     
   7.3941206977543876     
   7.3951511343737391     
   7.3973951723557523     
   7.4021101482127545     
   7.4038323485583772     
   7.4053836226904055     
   7.4082598432278512     
   7.4106123328813913     
   7.4112937272903840     
   7.4134459725957509     
   7.4158444917986399     
   7.4173758951870798     
   7.4191206420568303     
   7.4234732574137343     
   7.4241257961314222     
   7.4274881283730458     
   7.4297333721497658     
   7.4321707944685675     
   7.4330953122427648     
   7.4368497204026767     
   7.4375310473038647     
   7.4383879820923529     
   7.4401731359184158     
   7.4425162033511008     
   7.4440311095442979     
   7.4470939593725110     
   7.4517489666531649     
   7.4550237110478283     
   7.4560792221033241     
   7.4567868354685514     
   7.4611434494438340     
   7.4631423379022381     
   7.4655345833297382     
   7.4656945459883799     
   7.4671672824693669     
   7.4689955517058495     
   7.4732252274462008     
   7.4756319341315134     
   7.4799526168947237     
   7.4805989139225231     
   7.4837834798546234     
   7.4855599846022871     
   7.4864254209803986     
   7.4901939132275945     
   7.4920847890244540     
   7.4951155988597984     
   7.4976216729631071     
   7.4997346900539386     
   7.5060856228095485     
   7.5078014841907148     
   7.5089048978277670     
   7.5104493633931524     
   7.5144299835171218     
   7.5145343097346968     
   7.5180460727229956     
   7.5190578925048674     
   7.5240370525521296     
   7.5257690868472578     
   7.5263735948108463     
   7.5287277706794553     
   7.5318338098601085     
   7.5321821941918499     
   7.5381056400684425     
   7.5393361721795591     
   7.5409798513115449     
   7.5448237099890489     
   7.5450898250156619     
   7.5479966380523784     
   7.5513602020253261     
   7.5527403333925287     
   7.5564628534236240     
   7.5590925434000003     
   7.5618537809903401     
   7.5657521181059124     
   7.5683540857794558     
   7.5694897701225576     
   7.5711476512538747     
   7.5740113515869290     
   7.5783244931458658     
   7.5789840991794293     
   7.5844412478983747     
   7.5881177412100485     
   7.5888819075900100     
   7.5894422049082886     
   7.5935862028843424     
   7.5967730294494338     
   7.5982191734878715     
   7.6026347531606522     
   7.6051390103148568     
   7.6072554621673358     
   7.6085415886787091     
   7.6102241325048645     
   7.6135240442619567     
   7.6171110121729662     
   7.6225165511293822     
   7.6251739579985562     
   7.6258764818612956     
   7.6301682090907850     
   7.6325106069404738     
   7.6361999203574351     
   7.6385588173074375     
   7.6406880662806236     
   7.6421283432432237     
   7.6443946215896359     
   7.6445143563009497     
   7.6517413910692058     
   7.6532326802146944     
   7.6561025864747272     
   7.6591371020584811     
   7.6633081961335900     
   7.6665968228196402     
   7.6719274791784242     
   7.6744016136385689     
   7.6778117981256626     
   7.6783811017766572     
   7.6806376844345365     
   7.6823441240612187     
   7.6829713405592397     
   7.6868021511084885     
   7.6901512030463586     
   7.6917202685083144     
   7.6948427666178194     
   7.6964180157330828     
   7.6978856049449158     
   7.7016221753662064     
   7.7073158875690027     
   7.7102740526568878     
   7.7128221837573268     
   7.7134279838454907     
   7.7198989810894982     
   7.7240724293245471     
   7.7262862313521961     
   7.7278188076976440     
   7.7322145489310197     
   7.7337577361731924     
   7.7350691520066803     
   7.7380150096370581     
   7.7443550096864424     
   7.7465264341180342     
   7.7542201225642460     
   7.7551057653981088     
   7.7583122013497157     
   7.7618005471886571     
   7.7655315370520608     
   7.7673968928390842     
   7.7709140030550294     
   7.7744895012460962     
   7.7796427300248325     
   7.7819329536832207     
   7.7879223308066017     
   7.7908720151567996     
   7.7928897098022292     
   7.7984634957092034     
   7.7991010635201130     
   7.8031661298690054     
   7.8056445791315880     
   7.8105843629648488     
   7.8123845353802350     
   7.8157058471805003     
   7.8183452909260263     
   7.8227842710126536     
   7.8248863778680109     
   7.8295802100989542     
   7.8334828904719043     
   7.8357022576523825     
   7.8435995273436427     
   7.8467093736700040     
   7.8500553561475837     
   7.8564546013730263     
   7.8586352345907535     
   7.8620637774749769     
   7.8642502570077157     
   7.8673799881132069     
   7.8731296306830609     
   7.8776715139785276     
   7.8808724826872130     
   7.8869979465407845     
   7.8907924383657191     
   7.8935389498239203     
   7.8963516000613829     
   7.9014501451710730     
   7.9072159243447100     
   7.9093214555512557     
   7.9125502211863044     
   7.9157156099138533     
   7.9180717570443786     
   7.9200698394837552     
   7.9244475629626114     
   7.9292143110151700     
   7.9335313694037026     
   7.9388557092653587     
   7.9396317326991586     
   7.9432163700671170     
   7.9488035775232078     
   7.9565680453894760     
   7.9609304019594607     
   7.9654300329736856     
   7.9685715225357612     
   7.9718189428297563     
   7.9734494247806049     
   7.9755991240791690     
   7.9824505425948828     
   7.9863141819755601     
   7.9907860090705265     
   7.9932574727727381     
   8.0000018652334113     
   8.0063362483871554     
   8.0096668817631507     
   8.0150979328282439     
   8.0190159319079193     
   8.0213291686880730     
   8.0249337237595011     
   8.0346438373553788     
   8.0372541929580095     
   8.0463230961275549     
   8.0495680189003913     
   8.0546533488579914     
   8.0605758432225230     
   8.0659622063539445     
   8.0671480836496254     
   8.0732104692638558     
   8.0756940869635407     
   8.0820499337689888     
   8.0846387545578722     
   8.0888793092347520     
   8.0940891957811107     
   8.1040473061362075     
   8.1086143013700678     
   8.1113524880138641     
   8.1137290834318403     
   8.1237559113382769     
   8.1327197646280123     
   8.1353760804311950     
   8.1423852650117201     
   8.1491853388781497     
   8.1549593534226172     
   8.1559086780058170     
   8.1607120117636374     
   8.1683701895365068     
   8.1708360367172066     
   8.1769753413025850     
   8.1854291666177765     
   8.1900469256169934     
   8.1954133142832575     
   8.2030584071249368     
   8.2114096609917944     
   8.2138665315401216     
   8.2219684100753447     
   8.2253030008357904     
   8.2404551759721798     
   8.2453668250588965     
   8.2475072521823538     
   8.2557421917132849     
   8.2580951104086395     
   8.2678793166725004     
   8.2794251363080065     
   8.2822688684600596     
   8.2899687902583352     
   8.2982265615314166     
   8.3019923050028375     
   8.3086119073352123     
   8.3226771384318354     
   8.3295429889613626     
   8.3403605221765744     
   8.3474962274623685     
   8.3555351404403115     
   8.3609230791104441     
   8.3721933273730365     
   8.3847782244893594     
