1   1168.2	1.41	1168.0	1.24	1168.0	1.22	1167.8	1.07	1167.7	0.97	1167.7	0.94	1167.3	0.4
2   1251.3	0.69	1250.7	0.16	1250.6	0.01	1250.4	-0.13	1250.6	0.03	1250.6	-0.02	1249.1	1.5
3   1500.3	0.23	1501.3	1.25	1501.6	1.56	1501.7	1.63	1501.7	1.61	1501.6	1.55	1500.2	1.4
4   1747.0	0.38	1747.0	0.35	1747.4	0.76	1747.4	0.71	1747.3	0.69	1747.5	0.81	1746.1	1.4
5   2326.6	-0.67	2326.4	-0.93	2326.4	-0.86	2326.6	-0.72	2326.7	-0.60	2326.7	-0.56	2327.5	-0.8
6   2422.2	0.44	2421.5	-0.24	2421.4	-0.37	2421.4	-0.37	2421.6	-0.17	2421.7	-0.08	2422.4	-0.7
7   2497.8	-0.22	2497.8	-0.17	2497.8	-0.16	2497.7	-0.26	2498.1	0.09	2498.1	0.08	2496.1	2.0
8   2666.4	0.06	2666.8	0.47	2666.2	-0.12	2666.0	-0.37	2665.9	-0.40	2665.9	-0.42	2667.1	-1.2
9   2719.9	0.19	2720.9	1.19	2721.1	1.43	2721.4	1.69	2721.5	1.80	2721.2	1.47	2718.6	2.6
10  2780.3	-0.99	2780.3	-1.02	2780.5	-0.85	2780.4	-0.88	2780.6	-0.74	2780.5	-0.86	2782.5	-2.0
11  2841.7	-0.94	2841.7	-0.91	2841.6	-1.09	2841.5	-1.12	2841.9	-0.79	2841.9	-0.71	2843.4	-1.5
12  2906.2	0.30	2905.2	-0.70	2905.4	-0.48	2904.9	-0.92	2904.9	-0.97	2905.0	-0.86	2906.0	-1.0
13  3001.1	2.06	3000.2	1.16	3000.4	1.37	3000.4	1.36	3000.6	1.56	3000.6	1.49	2998.1	2.5
14  3007.6	6.28	3005.9	4.63	3005.1	3.85	3003.8	2.55	3003.4	2.13	3002.8	1.48	3000.6	2.2
15  3242.9	4.06	3243.5	4.66	3241.8	2.98	3241.0	2.18	3240.7	1.91	3240.1	1.33	3239.0	1.1
16  3472.4	0.60	3472.8	0.96	3472.8	0.99	3473.2	1.40	3473.6	1.84	3474.1	2.30	3471.6	2.5
17  3481.9	-2.52	3481.5	-2.93	3481.4	-3.03	3481.2	-3.23	3481.4	-3.03	3481.3	-3.11	3480.7	0.6
18  3587.0	0.48	3586.7	0.21	3586.6	0.07	3586.5	-0.01	3586.7	0.19	3586.5	0.01	3586.6	-0.1
19  3674.1	-0.77	3674.2	-0.64	3674.2	-0.71	3674.1	-0.81	3674.3	-0.56	3674.5	-0.37	3673.0	1.5
20  3744.5	2.35	3742.9	0.78	3743.1	1.03	3743.0	0.92	3743.3	1.16	3743.2	1.14
21  3828.4	3.34	3830.3	5.24	3828.3	3.23	3828.1	3.00	3828.0	2.96	3828.0	2.91	3825.3	2.7
22  3885.9	-1.34	3886.7	-0.54	3886.6	-0.58	3887.2	-0.03	3887.1	-0.08	3887.2	-0.02	3886.5	0.7
23  3940.6	2.92	3940.1	2.38	3940.0	2.34	3940.2	2.56	3939.7	2.02	3939.6	1.89	3937.4	2.2
24  3940.8	0.43	3940.1	-0.32	3940.4	0.06	3940.7	0.29	3941.0	0.64	3940.9	0.51	3940.2	0.7
25  3996.5	0.76	3996.2	0.46	3995.5	-0.24	3995.5	-0.26	3995.6	-0.09	3995.5	-0.19	3995.8	-0.3
26  4034.2	1.09	4033.3	0.17	4033.1	-0.02	4033.0	-0.18	4032.9	-0.21	4032.7	-0.49
27  4058.4	-0.49	4056.9	-1.96	4057.8	-1.13	4057.5	-1.39	4057.6	-1.25	4057.6	-1.31	4058.3	-0.7
28  4088.1	2.52	4088.7	3.18	4088.2	2.65	4087.8	2.21	4087.4	1.86	4087.0	1.45	4083.1	3.9
29  4163.5	-0.42	4161.4	-2.52	4161.7	-2.23	4161.8	-2.05	4162.2	-1.67	4162.5	-1.34	4163.9	-1.4
30  4172.3	7.87	4169.0	4.58	4169.4	4.98	4169.2	4.77	4169.1	4.70	4168.0	3.50
31  4198.0	3.73	4201.2	6.88	4200.4	6.07	4199.5	5.20	4199.8	5.50	4200.0	5.72
32  4250.8	0.32	4250.4	-0.11	4251.1	0.58	4250.7	0.23	4250.5	0.05	4250.7	0.25	4248.7	2.0
33  4250.8	-2.28	4250.4	-2.71	4251.1	-2.01	4250.7	-2.36	4251.4	-1.66	4251.0	-2.06	4253.8	-2.8
34  4333.7	-2.96	4336.3	-0.36	4337.7	1.09	4338.0	1.39	4338.5	1.82	4338.4	1.69	4335.1	3.3
35  4402.2	4.77	4399.7	2.24	4397.4	-0.09	4397.4	-0.08	4397.2	-0.27	4396.5	-0.96	4397.5	-1.0
36  4465.8	-1.65	4468.5	1.09	4467.7	0.25	4468.1	0.65	4468.5	1.07	4468.5	1.07	4466.8	1.7
37  4506.3	10.20	4514.5	18.45	4517.2	21.07	4520.1	24.02	4518.7	22.61	4516.2	20.10
38  4522.9	-5.27	4523.1	-5.07	4524.3	-3.88	4523.5	-4.70	4524.4	-3.78	4524.7	-3.48	4529.4	-4.7
39  4568.8	-3.91	4569.3	-3.37	4570.1	-2.62	4569.4	-3.25	4570.0	-2.72	4569.7	-2.95	4571.5	-1.8
40  4625.0	0.96	4624.4	0.35	4623.3	-0.70	4623.8	-0.23	4623.8	-0.23	4623.4	-0.60	4624.3	-0.9
41  4630.9	-16.11	4631.3	-15.73	4631.4	-15.71	4631.2	-15.83	4631.4	-15.63	4631.4	-15.62	4629.0	2.4
42  4728.9	-0.65	4726.3	-3.20	4730.4	0.93	4731.9	2.43	4732.5	3.02	4731.8	2.26	4730.8	1.0
43  4731.9	-2.51	4732.0	-2.46	4733.4	-1.03	4732.2	-2.25	4732.5	-1.89	4731.8	-2.65	4733.8	-2.0
44  4746.7	-2.55	4746.4	-2.82	4744.7	-4.52	4744.4	-4.78	4744.2	-4.97	4743.7	-5.51	4741.9	1.8
45  4841.8	-1.79	4842.8	-0.72	4843.1	-0.50	4843.2	-0.42	4843.4	-0.21	4843.1	-0.50	4842.0	1.1
46  4929.1	2.92	4927.5	1.27	4926.4	0.14	4925.9	-0.33	4925.9	-0.30	4925.7	-0.54
47  4953.3	-2.79	4958.1	2.00	4955.6	-0.46	4954.5	-1.61	4954.5	-1.56	4953.0	-3.04	4955.2	-2.2
48  4974.8	-5.46	4977.9	-2.42	4975.5	-4.76	4975.9	-4.40	4975.4	-4.87	4975.0	-5.32	4977.1	-2.1
49  4983.4	0.52	4983.3	0.41	4983.7	0.85	4983.6	0.74	4984.0	1.11	4983.8	0.93
