  0.59999999999999998        9.9316938018452765E-004
  0.59999999999999998        1.2361524768220271E-003
  0.59999999999999998        1.3927339626379884E-003
  0.59999999999999998        1.5567946968550257E-003
  0.59999999999999998        1.6338261580451997E-003
  0.59999999999999998        1.9432610109390667E-003
  0.59999999999999998        3.3808184183685094E-003
  0.59999999999999998        1.7608783965117948E-003
  0.59999999999999998        1.3478058626188126E-003
  0.59999999999999998        2.1425238951027535E-003
  0.59999999999999998        1.7725892338053251E-003
  0.59999999999999998        1.5674051391408234E-003
  0.59999999999999998        1.3124361406590030E-003
  0.59999999999999998        1.8387025205191226E-003
  0.59999999999999998        1.5107868158947585E-003
  0.59999999999999998        1.4730296722291311E-003
  0.59999999999999998        2.0706433461967675E-003
  0.59999999999999998        2.7905795558391989E-003
  0.59999999999999998        2.1606917041856622E-003
  0.59999999999999998        1.7166880839727633E-003
  0.59999999999999998        1.1238178631147594E-003
  0.59999999999999998        2.9691540947855933E-003
  0.59999999999999998        3.0643704320912563E-003
  0.59999999999999998        1.0096202575639822E-003
  0.59999999999999998        8.8956458776126763E-004
  0.59999999999999998        2.5711328532994917E-003
  0.59999999999999998        1.3044839672400543E-003
  0.59999999999999998        1.4602768277142842E-003
  0.59999999999999998        5.5948594588172741E-004
  0.59999999999999998        1.7075259086920818E-003
  0.59999999999999998        8.2594631579017630E-005
  0.59999999999999998        1.0977639473172332E-003
  0.59999999999999998        1.9164053141027812E-004
  0.59999999999999998       -6.3912468163692553E-004
  0.59999999999999998        7.3513866205464156E-004
  0.59999999999999998       -2.2440771365590229E-004
  0.59999999999999998        1.2932990052848372E-003
  0.59999999999999998       -6.6099091078750864E-004
  0.59999999999999998        3.6478620336654894E-004
  0.59999999999999998        2.4251956188636305E-004
  0.59999999999999998       -7.7187398952935403E-004
  0.59999999999999998       -9.7327994754908484E-004
  0.59999999999999998        1.2003458921448087E-004
  0.59999999999999998        3.2064232523137563E-004
  0.59999999999999998       -7.0559826682540714E-005
  0.59999999999999998       -1.2317681450206939E-003
  0.59999999999999998       -1.1630307352027572E-003
  0.59999999999999998       -1.4616440973485439E-003
  0.59999999999999998       -1.7489957511609153E-003
  0.59999999999999998       -1.1913804948238283E-003
  0.59999999999999998       -9.5203908682288776E-004
  0.59999999999999998       -5.6474616784929032E-004
  0.59999999999999998       -4.6928181294288848E-003
  0.59999999999999998       -2.3862490827149994E-003
  0.59999999999999998       -8.1055504553150036E-004
  0.59999999999999998       -3.9101222224114296E-004
  0.59999999999999998       -1.5406804954702208E-003
  0.59999999999999998       -1.7914521781417087E-003
  0.59999999999999998       -2.0790125901192086E-003
  0.59999999999999998       -5.6871344724037764E-004
  0.59999999999999998       -3.1670720916200166E-003
  0.59999999999999998       -4.1926729589912906E-003
  0.59999999999999998       -2.5107095148019600E-003
  0.59999999999999998       -2.7032534026011513E-003
  0.59999999999999998       -3.9857299047542346E-003
  0.59999999999999998       -4.7253212114119238E-003
  0.59999999999999998       -3.6643838898947202E-003
  0.59999999999999998       -4.0293485462759822E-003
  0.59999999999999998       -4.1728470413337510E-003
  0.59999999999999998       -5.2937010931189852E-003
  0.59999999999999998       -3.5409659897635802E-003
  0.59999999999999998       -7.2232293421957711E-003
  0.59999999999999998       -6.0615762440537572E-003
  0.59999999999999998       -5.3055650566994203E-003
  0.59999999999999998       -3.7820982836949640E-003
  0.59999999999999998       -5.2129712517192429E-003
  0.59999999999999998       -4.4370291106433299E-003
  0.59999999999999998       -4.9726815358927846E-003
  0.59999999999999998       -3.7913880020741522E-003
  0.59999999999999998       -4.4156484520884581E-003
  0.59999999999999998       -4.7631826388802459E-003
  0.59999999999999998       -6.0291513219706818E-003
  0.59999999999999998       -8.9322387954774759E-003
  0.59999999999999998       -8.9997077927024254E-003
  0.59999999999999998       -7.1183230924446944E-003
  0.59999999999999998       -6.3153108782249504E-003
  0.59999999999999998       -9.1984175503547171E-003
  0.59999999999999998       -7.6709588452212934E-003
  0.59999999999999998       -6.3739058554151832E-003
  0.59999999999999998       -6.5336917579909733E-003
  0.59999999999999998       -4.8857957676771736E-003
  0.59999999999999998       -3.3895711155943311E-003
  0.59999999999999998       -1.0904571180768347E-002
  0.59999999999999998       -1.0515560441957372E-002
  0.59999999999999998       -1.0158424229821807E-002
  0.59999999999999998       -8.4742576626816966E-003
  0.59999999999999998       -8.9893584162186214E-003
  0.59999999999999998       -9.1072709630519288E-003
  0.59999999999999998       -9.4185754279071509E-003
  0.59999999999999998       -9.1802784284702784E-003
  0.59999999999999998       -8.6381026500177462E-003
  0.59999999999999998       -9.1432095755196400E-003
  0.59999999999999998       -8.5462883328415052E-003
  0.59999999999999998       -6.9271901388406497E-003
  0.59999999999999998       -7.2340689317382896E-003
  0.59999999999999998       -8.8435522475982884E-003
  0.59999999999999998       -1.3101582031245354E-002
  0.59999999999999998       -1.4697329434359920E-002
  0.59999999999999998       -1.1475082075533813E-002
  0.59999999999999998       -1.0845171170571925E-002
  0.59999999999999998       -1.0411746661773575E-002
  0.59999999999999998       -1.0830078386599497E-002
  0.59999999999999998       -1.1290457302489130E-002
  0.59999999999999998       -1.1294723903836497E-002
  0.59999999999999998       -1.1423098163087205E-002
  0.59999999999999998       -1.0864490456967460E-002
  0.59999999999999998       -1.0042734085347896E-002
  0.59999999999999998       -1.0293139167525986E-002
  0.59999999999999998       -9.3507849505671710E-003
  0.59999999999999998       -1.0375140605184772E-002
  0.59999999999999998       -1.5343774221922835E-002
  0.59999999999999998       -1.6315217514712703E-002
  0.59999999999999998       -1.8363272573132996E-002
  0.59999999999999998       -1.2742676703117543E-002
  0.59999999999999998       -1.2907067968066840E-002
  0.59999999999999998       -1.2055600237003940E-002
  0.59999999999999998       -1.1999424550933014E-002
  0.59999999999999998       -1.4047595345819132E-002
  0.59999999999999998       -1.3500358761830106E-002
  0.59999999999999998       -1.3652725553426410E-002
  0.59999999999999998       -1.4305588763938599E-002
  0.59999999999999998       -1.2824979546358988E-002
  0.59999999999999998       -1.3069924917020978E-002
  0.59999999999999998       -1.4010873099195955E-002
  0.59999999999999998       -1.2534679214284555E-002
  0.59999999999999998       -1.5940759508475299E-002
  0.59999999999999998       -1.4792778406967506E-002
  0.59999999999999998       -1.5116095128057122E-002
  0.59999999999999998       -1.5389652182441732E-002
  0.59999999999999998       -1.4780146550126183E-002
  0.59999999999999998       -1.5915561100833600E-002
  0.59999999999999998       -1.8081646055485383E-002
  0.59999999999999998       -1.6683701586135680E-002
  0.59999999999999998       -1.5715693954426100E-002
  0.59999999999999998       -1.5883554381903253E-002
  0.59999999999999998       -1.6127778662840649E-002
  0.59999999999999998       -1.5827267033601489E-002
  0.59999999999999998       -1.6327382298539479E-002
  0.59999999999999998       -1.6886575665311893E-002
  0.59999999999999998       -1.4254988161462052E-002
  0.59999999999999998       -1.3382287746959372E-002
  0.59999999999999998       -1.3622525771153107E-002
  0.59999999999999998       -1.3734570854092368E-002
  0.59999999999999998       -1.3978458336044539E-002
  0.59999999999999998       -1.4457445918361303E-002
  0.59999999999999998       -1.7230295010969215E-002
  0.59999999999999998       -2.0785221845247680E-002
  0.59999999999999998       -1.8840762672502537E-002
  0.59999999999999998       -1.8373647660862767E-002
  0.59999999999999998       -1.8452395770524026E-002
  0.59999999999999998       -1.7414657282959555E-002
  0.59999999999999998       -1.7978362042473342E-002
  0.59999999999999998       -1.9417531811434765E-002
  0.59999999999999998       -2.0043823054581175E-002
  0.59999999999999998       -1.7945421497477736E-002
  0.59999999999999998       -1.8806629641511578E-002
  0.59999999999999998       -1.7551288044687665E-002
  0.59999999999999998       -1.7864351512940257E-002
  0.59999999999999998       -1.6148282726142847E-002
  0.59999999999999998       -1.7009350691466339E-002
  0.59999999999999998       -1.7354531654882984E-002
  0.59999999999999998       -1.6873807279457535E-002
  0.59999999999999998       -1.7498736132351821E-002
  0.59999999999999998       -1.9344503867075848E-002
  0.59999999999999998       -2.1050085337478330E-002
  0.59999999999999998       -1.9024426562483182E-002
  0.59999999999999998       -2.0104820874331467E-002
  0.59999999999999998       -1.8735202473101429E-002
  0.59999999999999998       -2.0668135791857820E-002
  0.59999999999999998       -2.0493862591203137E-002
  0.59999999999999998       -2.1957139913385493E-002
  0.59999999999999998       -2.1107645459181229E-002
  0.59999999999999998       -2.1415173494892678E-002
  0.59999999999999998       -2.1571779790863253E-002
  0.59999999999999998       -2.1355692276500825E-002
  0.59999999999999998       -2.0801987376656662E-002
  0.59999999999999998       -2.1798959697906628E-002
  0.59999999999999998       -2.0635828898457751E-002
  0.59999999999999998       -2.0865827363248345E-002
  0.59999999999999998       -1.9717720059436897E-002
  0.59999999999999998       -1.9717732971848371E-002
  0.59999999999999998       -2.0441488650860089E-002
  0.59999999999999998       -2.0598479457027863E-002
  0.59999999999999998       -2.0398668749782172E-002
  0.59999999999999998       -2.0019154088668327E-002
  0.59999999999999998       -1.8324225048866216E-002
  0.59999999999999998       -2.1749736883214594E-002
  0.59999999999999998       -2.1728422819891732E-002
  0.59999999999999998       -2.2661410767019313E-002
  0.59999999999999998       -2.4023531395061984E-002
  0.59999999999999998       -2.4977449778385511E-002
  0.59999999999999998       -2.5806131824409152E-002
  0.59999999999999998       -2.4106221169863020E-002
  0.59999999999999998       -2.3651764241974935E-002
  0.59999999999999998       -2.4555632773360949E-002
  0.59999999999999998       -2.3906354662448306E-002
  0.59999999999999998       -2.4228709633060865E-002
  0.59999999999999998       -2.4228709689056278E-002
  0.59999999999999998       -2.4294294196699987E-002
  0.59999999999999998       -2.4894614083593714E-002
  0.59999999999999998       -2.3199397209210677E-002
  0.59999999999999998       -2.3499712263839748E-002
  0.59999999999999998       -2.3984764403206318E-002
  0.59999999999999998       -2.4209612242260710E-002
  0.59999999999999998       -2.4596165740268214E-002
  0.59999999999999998       -2.4932765362142995E-002
  0.59999999999999998       -2.3306700563975154E-002
  0.59999999999999998       -2.2009199459494214E-002
  0.59999999999999998       -2.3506950944498114E-002
  0.59999999999999998       -2.3540463953542111E-002
  0.59999999999999998       -2.5103723130670427E-002
  0.59999999999999998       -2.5675152370973803E-002
  0.59999999999999998       -2.5823781577238514E-002
  0.59999999999999998       -2.7405131692649583E-002
  0.59999999999999998       -2.8070435297567232E-002
  0.59999999999999998       -2.6503659689284000E-002
  0.59999999999999998       -2.6799436199393820E-002
  0.59999999999999998       -2.6946974206724757E-002
  0.59999999999999998       -2.7094564003808899E-002
  0.59999999999999998       -2.6574148736775872E-002
  0.59999999999999998       -2.7679524437679331E-002
  0.59999999999999998       -2.7026663618704774E-002
  0.59999999999999998       -2.7468418249266931E-002
  0.59999999999999998       -2.7564204003235861E-002
  0.59999999999999998       -2.7637767631217360E-002
  0.59999999999999998       -2.6627492229600466E-002
  0.59999999999999998       -2.7289441816800604E-002
  0.59999999999999998       -2.6924994580567675E-002
  0.59999999999999998       -2.7170213175799176E-002
  0.59999999999999998       -2.8120214472445341E-002
  0.59999999999999998       -2.8543675011025949E-002
  0.59999999999999998       -2.8547414214396775E-002
  0.59999999999999998       -2.8475258929787989E-002
  0.59999999999999998       -2.9133316679053008E-002
  0.59999999999999998       -2.7326935866974510E-002
  0.59999999999999998       -2.7619594682173468E-002
  0.59999999999999998       -2.8020394345761902E-002
  0.59999999999999998       -2.8462228830219642E-002
  0.59999999999999998       -2.8619224435609488E-002
  0.59999999999999998       -2.8692062236640562E-002
  0.59999999999999998       -2.8336910681234718E-002
  0.59999999999999998       -2.8406027417189273E-002
  0.59999999999999998       -2.7015090449171136E-002
  0.59999999999999998       -2.7889001621079157E-002
  0.59999999999999998       -2.7053813250803402E-002
  0.59999999999999998       -2.8839264113429658E-002
  0.59999999999999998       -2.8984353920687895E-002
  0.59999999999999998       -2.9282446422539049E-002
  0.59999999999999998       -2.9499806065409480E-002
  0.59999999999999998       -2.9711668613062535E-002
  0.59999999999999998       -2.9924968975021820E-002
  0.59999999999999998       -2.9489564512616390E-002
  0.59999999999999998       -3.0797897392800744E-002
  0.59999999999999998       -2.9816649651585626E-002
  0.59999999999999998       -3.0105196692906108E-002
  0.59999999999999998       -3.0677781522726273E-002
  0.59999999999999998       -3.1325273685507721E-002
  0.59999999999999998       -3.0834761216137090E-002
  0.59999999999999998       -2.9503464072771171E-002
  0.59999999999999998       -2.9373635085236827E-002
  0.59999999999999998       -3.0237172273785314E-002
  0.59999999999999998       -2.9249105568620738E-002
  0.59999999999999998       -2.9468587640536600E-002
  0.59999999999999998       -2.9350842393257602E-002
  0.59999999999999998       -2.9710175942442844E-002
  0.59999999999999998       -2.9421866018392841E-002
  0.59999999999999998       -2.9689823083049585E-002
  0.59999999999999998       -2.9905124650832664E-002
  0.59999999999999998       -2.7697411082325370E-002
  0.59999999999999998       -2.7905661201052617E-002
  0.59999999999999998       -3.0274513415815531E-002
  0.59999999999999998       -3.2058383677971619E-002
  0.59999999999999998       -3.1561088940516381E-002
  0.59999999999999998       -3.3551556774835949E-002
  0.59999999999999998       -3.2871490454535121E-002
  0.59999999999999998       -3.3793233825284187E-002
  0.59999999999999998       -3.4123499645703929E-002
  0.59999999999999998       -3.4265056394217147E-002
  0.59999999999999998       -3.3750304720921942E-002
  0.59999999999999998       -3.4814626730225215E-002
  0.59999999999999998       -3.4075269103961275E-002
  0.59999999999999998       -3.4499136904788785E-002
  0.59999999999999998       -3.3258026960806542E-002
  0.59999999999999998       -3.3399395851501382E-002
  0.59999999999999998       -3.2223784216585317E-002
  0.59999999999999998       -3.2294548257255223E-002
  0.59999999999999998       -3.1814763252984324E-002
  0.59999999999999998       -3.2455119049614331E-002
  0.59999999999999998       -3.2525795013298303E-002
  0.59999999999999998       -3.2102597119080006E-002
  0.59999999999999998       -3.2385114223469617E-002
  0.59999999999999998       -3.1344397159281730E-002
  0.59999999999999998       -3.2121112568650766E-002
  0.59999999999999998       -3.2414959965732029E-002
  0.59999999999999998       -3.2682321511287749E-002
  0.59999999999999998       -3.2756360912252890E-002
  0.59999999999999998       -3.2839142959662698E-002
  0.59999999999999998       -3.3190895941909965E-002
  0.59999999999999998       -3.2715219243883556E-002
  0.59999999999999998       -3.5030776366767859E-002
  0.59999999999999998       -3.3902896835247380E-002
  0.59999999999999998       -3.3561960572191379E-002
  0.59999999999999998       -3.5622657567605125E-002
  0.59999999999999998       -3.5692391879417362E-002
  0.59999999999999998       -3.6103700860580665E-002
  0.59999999999999998       -3.6242954848713614E-002
  0.59999999999999998       -3.5162894826377133E-002
  0.59999999999999998       -3.5441461686749005E-002
  0.59999999999999998       -3.5863358310895904E-002
  0.59999999999999998       -3.5936451814559386E-002
  0.59999999999999998       -3.5833792672347889E-002
  0.59999999999999998       -3.5833792827678401E-002
  0.59999999999999998       -3.5169121816784076E-002
  0.59999999999999998       -3.5253881337914059E-002
  0.59999999999999998       -3.6506809741198840E-002
  0.59999999999999998       -3.6459681938966003E-002
  0.59999999999999998       -3.6598252573139346E-002
  0.59999999999999998       -3.6344202529066803E-002
  0.59999999999999998       -3.6690571265011768E-002
  0.59999999999999998       -3.5305548179387788E-002
  0.59999999999999998       -3.6136570130105579E-002
  0.59999999999999998       -3.5899004998844998E-002
  0.59999999999999998       -3.6037415835399093E-002
  0.59999999999999998       -3.6319893075088837E-002
  0.59999999999999998       -3.5302278362617873E-002
  0.59999999999999998       -3.5444141222536238E-002
  0.59999999999999998       -3.4373850753042286E-002
  0.59999999999999998       -3.4650630705125030E-002
  0.59999999999999998       -3.4330732990664664E-002
  0.59999999999999998       -3.4538268958411569E-002
  0.59999999999999998       -3.4266286583704640E-002
  0.59999999999999998       -3.4331905564415073E-002
  0.59999999999999998       -3.4070921345052740E-002
  0.59999999999999998       -3.4692763703388821E-002
  0.59999999999999998       -3.3781705772974367E-002
  0.59999999999999998       -3.3988957643036770E-002
  0.59999999999999998       -3.5178601216005911E-002
  0.59999999999999998       -3.7442175010039380E-002
  0.59999999999999998       -3.7644428897545330E-002
  0.59999999999999998       -3.8238522177394485E-002
  0.59999999999999998       -3.9604554988878812E-002
  0.59999999999999998       -3.8937906080413504E-002
  0.59999999999999998       -3.9755994465131929E-002
  0.59999999999999998       -3.9634878297806729E-002
  0.59999999999999998       -3.9706477848944752E-002
  0.59999999999999998       -3.9546586414235627E-002
  0.59999999999999998       -3.8853619894854204E-002
  0.59999999999999998       -3.9129477838878407E-002
  0.59999999999999998       -3.8886264699481900E-002
  0.59999999999999998       -3.9226364823982264E-002
  0.59999999999999998       -3.8888940013554120E-002
  0.59999999999999998       -3.8444732915115715E-002
  0.59999999999999998       -3.8580790596065999E-002
  0.59999999999999998       -3.7647136512176591E-002
  0.59999999999999998       -3.8123242741362362E-002
  0.59999999999999998       -3.8313022572890071E-002
  0.59999999999999998       -3.8720577932167925E-002
  0.59999999999999998       -3.8889470442948798E-002
  0.59999999999999998       -3.9364285600252943E-002
  0.59999999999999998       -3.8949594531743507E-002
  0.59999999999999998       -3.9020881462494654E-002
  0.59999999999999998       -3.8407716973729245E-002
  0.59999999999999998       -3.8014898541938312E-002
  0.59999999999999998       -3.8147074078658048E-002
  0.59999999999999998       -3.7924125307501104E-002
  0.59999999999999998       -3.8469822127824571E-002
  0.59999999999999998       -3.8561683962273691E-002
  0.59999999999999998       -3.9035323597270202E-002
  0.59999999999999998       -3.8006508126099216E-002
  0.59999999999999998       -3.8009965759362899E-002
  0.59999999999999998       -3.7782304812972012E-002
  0.59999999999999998       -3.8725656886734849E-002
  0.59999999999999998       -3.8110593687932404E-002
  0.59999999999999998       -3.8065396568411312E-002
  0.59999999999999998       -3.8403187494450555E-002
  0.59999999999999998       -3.7478260971557015E-002
  0.59999999999999998       -3.8490804688208612E-002
  0.59999999999999998       -3.8762069902991254E-002
  0.59999999999999998       -3.8971040458889730E-002
  0.59999999999999998       -3.8598764386836820E-002
  0.59999999999999998       -3.8800652254175935E-002
  0.59999999999999998       -3.9839136817195801E-002
  0.59999999999999998       -4.0114401717809917E-002
  0.59999999999999998       -3.9535422201184368E-002
  0.59999999999999998       -3.9937995840730059E-002
  0.59999999999999998       -4.0985915404379833E-002
  0.59999999999999998       -4.0885251329770236E-002
  0.59999999999999998       -4.0885251479308667E-002
  0.59999999999999998       -4.0311356139989381E-002
  0.59999999999999998       -4.0916733530639744E-002
  0.59999999999999998       -3.9570318304865175E-002
  0.59999999999999998       -4.0105492735138679E-002
  0.59999999999999998       -4.0303529981735461E-002
  0.59999999999999998       -4.0370356652429946E-002
  0.59999999999999998       -3.8676813648720408E-002
  0.59999999999999998       -3.8683638889505621E-002
  0.59999999999999998       -3.9019307440033284E-002
  0.59999999999999998       -3.9620592522567853E-002
  0.59999999999999998       -3.9395557650253439E-002
  0.59999999999999998       -3.9800116508267654E-002
  0.59999999999999998       -4.0000199668592036E-002
  0.59999999999999998       -3.9747998449451150E-002
  0.59999999999999998       -3.9818081927015588E-002
  0.59999999999999998       -4.0191300962946569E-002
  0.59999999999999998       -4.0520859798122262E-002
  0.59999999999999998       -4.0234069397777072E-002
  0.59999999999999998       -4.0500276578631034E-002
  0.59999999999999998       -4.0461170917018827E-002
  0.59999999999999998       -4.0723836561601563E-002
  0.59999999999999998       -4.0504364998953560E-002
  0.59999999999999998       -4.1102517003036368E-002
  0.59999999999999998       -4.0872009878813627E-002
  0.59999999999999998       -4.1137622014330480E-002
  0.59999999999999998       -3.9206513244768863E-002
  0.59999999999999998       -3.9524548843054987E-002
  0.59999999999999998       -3.9660752337941890E-002
  0.59999999999999998       -4.0071239517798417E-002
  0.59999999999999998       -4.0074627982302324E-002
  0.59999999999999998       -4.0917291472788421E-002
  0.59999999999999998       -4.1115898491820374E-002
  0.59999999999999998       -4.1195669007919850E-002
  0.59999999999999998       -4.1655006632741631E-002
  0.59999999999999998       -4.1803244653090037E-002
  0.59999999999999998       -4.1803244948298526E-002
  0.59999999999999998       -4.1426253021854612E-002
  0.59999999999999998       -4.1954429607256705E-002
  0.59999999999999998       -4.1886133372240453E-002
  0.59999999999999998       -4.2544862585636896E-002
  0.59999999999999998       -4.2383355006733112E-002
  0.59999999999999998       -4.2449195769843774E-002
  0.59999999999999998       -4.1731695303753050E-002
  0.59999999999999998       -4.1863302182212431E-002
  0.59999999999999998       -4.1332394725255996E-002
  0.59999999999999998       -4.1398230406929942E-002
  0.59999999999999998       -4.2502205976393613E-002
  0.59999999999999998       -4.2502216684316002E-002
  0.59999999999999998       -4.2516220171276514E-002
  0.59999999999999998       -4.2578494292116513E-002
  0.59999999999999998       -4.1958785771728103E-002
  0.59999999999999998       -4.2221342104864369E-002
  0.59999999999999998       -4.1745630910731711E-002
  0.59999999999999998       -4.2598112546276594E-002
  0.59999999999999998       -4.2712463013985111E-002
  0.59999999999999998       -4.3170709852644783E-002
  0.59999999999999998       -4.1839547494135779E-002
  0.59999999999999998       -4.2039408289080954E-002
  0.59999999999999998       -4.2324698649707122E-002
  0.59999999999999998       -4.2524227824881730E-002
  0.59999999999999998       -4.2741825502674698E-002
  0.59999999999999998       -4.2651289270329497E-002
  0.59999999999999998       -4.3046563614352475E-002
  0.59999999999999998       -4.3321989766528339E-002
  0.59999999999999998       -4.3325321179563087E-002
  0.59999999999999998       -4.2908356278766158E-002
  0.59999999999999998       -4.3038844503351478E-002
  0.59999999999999998       -4.3030184520688096E-002
  0.59999999999999998       -4.2838235576461714E-002
  0.59999999999999998       -4.2838246555859334E-002
  0.59999999999999998       -4.1831890843460874E-002
  0.59999999999999998       -4.2288529084049661E-002
  0.59999999999999998       -4.2338309839700800E-002
  0.59999999999999998       -4.2471988800829641E-002
  0.59999999999999998       -4.2170513409154051E-002
  0.59999999999999998       -4.2629909973706900E-002
  0.59999999999999998       -4.3381058197388876E-002
  0.59999999999999998       -4.3511099385354052E-002
  0.59999999999999998       -4.3754733071102538E-002
  0.59999999999999998       -4.3952803463232236E-002
  0.59999999999999998       -4.4425057948741485E-002
  0.59999999999999998       -4.4817199535398845E-002
  0.59999999999999998       -4.4775040548357334E-002
  0.59999999999999998       -4.5040686982291828E-002
  0.59999999999999998       -4.5524878232755112E-002
  0.59999999999999998       -4.5718722948575950E-002
  0.59999999999999998       -4.5763705169049422E-002
  0.59999999999999998       -4.5831578809710075E-002
  0.59999999999999998       -4.5691931914091787E-002
  0.59999999999999998       -4.4898964829493425E-002
  0.59999999999999998       -4.5347738757703662E-002
  0.59999999999999998       -4.5185830190025908E-002
  0.59999999999999998       -4.5379454935177775E-002
  0.59999999999999998       -4.4955604045163779E-002
  0.59999999999999998       -4.6051809823146869E-002
  0.59999999999999998       -4.5855540934172850E-002
  0.59999999999999998       -4.4656288253834830E-002
  0.59999999999999998       -4.5171890997746746E-002
  0.59999999999999998       -4.4931482336811622E-002
  0.59999999999999998       -4.5124722843796039E-002
  0.59999999999999998       -4.4462182252643034E-002
  0.59999999999999998       -4.4784304006601494E-002
